0.118484552276053
0.189648979020405
0.123695147010131
0.158225301175796
0.113103880645032
0.113359237095917
0.0478253121877542
0.00583827640826287
0.0974931766340098
0.0165204976191306
0.140372148268217
0.0635455579671068
0.0543134080358219
0.0558091837166843
0.0300978639024545
0.0699765485353438
0.0175486158324673
0.0145755800596706
0.10438353680432
0.0674339448698658
0.159165023887628
0.131654365879012
0.0219633512337901
0.0291922199793537
0.119921734771731
0.144491813659362
0.0537911217851696
0.177201544153577
0.177638664831035
0.106783399284201
0.1200854216564
0.0266498890791824
0.0209603968729048
0.0459675272896168
0.0733078573144134
0.047534365248374
0.0605634756177795
0.0267665930401025
0.0388353716587474
0.0847613436538598
0.138763973113469
0.173062845593585
0.072940724794178
0.0672344863546398
0.0205114003319406
0.170253483803242
0.0974747866770255
0.0668789519980552
0.0111757265754742
0.0233807973391477
0.147772087005649
0.128087299072866
0.0282679253007366
0.128508061657761
0.0250096632157302
0.0108624488558006
0.0841170553700867
0.0330087714684174
0.153475484495964
0.178289090509442
0.0617358906667123
0.0682901258807347
0.154369251755296
0.0876129974717014
0.0816039806274853
0.137864310312659
0.0152571681233502
0.19431968682531
0.137065088693285
0.0914883668200163
0.10563787417975
0.0880395589274577
0.161258850895729
0.0808068594738336
0.102268194024076
0.171170898600106
0.143843054785657
0.0337213878244458
0.0840254922947974
0.0328930205590836
0.119672179067184
0.0433887173082039
0.0021148887667036
0.0273800501595548
0.183854650582274
0.156794282963708
0.169274147684214
0.141814600179176
0.18081506934781
0.140500664017648
0.18262261749212
0.152442242700667
0.108521979949197
0.0307649950970924
0.135938618658887
0.129397782782611
0.0358962233166302
0.165267717345374
0.0362648935147628
0.0553796879599494
