0.0677986420566706
0.165281787708927
0.183314918708194
0.138901797800792
0.169695973257497
0.0521490931616956
0.16604291603261
0.132465292519919
0.180942656711804
0.0631747074748528
0.110940618481907
0.150747460737987
0.179330284540185
0.180617572263837
0.19567501358319
0.0702947628230673
0.179208501905995
0.159926541139916
0.192788935481269
0.137366103534948
0.196097855485444
0.0774932318831713
0.176318353125955
0.176018479438192
0.068912766789515
0.114710862829584
0.0382338773112476
0.114761434856528
0.0687770635091061
0.141392021812044
0.019872908270795
0.109914327887976
0.118179734760927
0.192323626731028
0.104658975484234
0.0197614537773928
0.0713702427805603
0.153990211655207
0.181899065162478
0.172656089322414
0.191347970245121
0.193508890951707
0.165964332129148
0.197503993779092
0.188197676048796
0.137297437922159
0.176525928060825
0.184744794474251
0.115312253359458
0.18629470488145
0.100313216105209
0.19729763227943
0.0528845834401406
0.142149116951342
0.138284054126045
0.103980680564282
0.0494525311720511
0.132583511114602
0.0684432921706677
0.0932403663540157
0.133726985072837
0.19480227150253
0.088991819394368
0.0929195205992076
0.16049692804867
0.155668858908962
0.0313938976521847
0.158471222071307
0.177797783972888
0.161199008718011
0.198917877191989
0.197715781327315
0.195534615238103
0.066099766027949
0.107071747175216
0.180947141406897
0.117824315668265
0.176942421123962
0.19189294962196
0.119128556245291
0.189115533276419
0.123492732429873
0.176912177545153
0.109290838652123
0.179546712770466
0.158447447149251
0.13607169606745
0.14056557178834
0.0206568906278347
0.166136653749567
0.0981173025755414
0.174017143305718
0.01731637260464
0.157151637621157
0.0983959951221648
0.173748388534969
0.0633769132360135
0.113827553700612
0.000571926179450371
0.122803069403199
