-0.737496359709593
-1.53055621423776
-1.52073101407973
-0.113905683340181
-1.65708925499742
-1.02558586577438
-2.24635789833889
-1.50325018520435
-3.34062576572817
-2.73626381162258
-1.46844412547559
-1.81723416977679
-2.07835094781902
-1.36726105838446
-2.70583378751315
-0.512960974928465
-1.42659110922296
-1.80087530434846
-2.20921257567184
-1.47065857545082
-1.93111438789148
-1.01329288720981
-0.962339444748422
-0.591496214796675
-1.84443312960322
-2.53294538244659
-1.86492788847232
-1.97081976215033
-1.41009321031119
-1.37617083687855
-2.42069769859013
-1.91675596781401
-1.5892160397048
-0.883802825354057
-1.78194577894681
-2.04699644957262
-1.73055172115579
-1.0648155460985
-2.24018991940115
-1.03517936303034
-1.18766501616411
-1.17296660320723
-2.50626068104417
-1.26944550478458
-1.38988726833459
-2.52815022890456
-0.912384825335116
-1.3242857328725
-1.81264455514575
-2.04446651033821
-2.31355571319038
-1.86401028797827
-1.5259027195492
-1.58173655386424
-1.13182673606199
-2.52236535869202
-1.59361509982895
-1.57767620015199
-2.12597063722382
-1.51443612558072
-1.88209735485517
-1.81007933218976
-2.36711627080764
-1.61144016623972
-1.80567301038359
-1.3081062135847
-0.820387081865298
-1.18144052388101
-1.25784360996888
-1.50196412905503
-1.99744727259878
-0.901337586532316
-1.92913700616457
-1.06080927609956
-1.4135812271024
-2.49921947616748
-1.59429951047609
-1.82684174798383
-2.39972661572489
-1.95765615151993
-0.406353467760043
-1.38176336268024
-1.76734949107829
-1.96679850002362
-1.72811457778163
-2.33792334769236
-1.83882544986658
-0.889946535575457
-1.61518473796494
-0.334663143791667
-0.856922906954267
-0.41897192859547
-0.936862283878408
-0.836439763365683
-1.68082111384371
-1.80887534502135
-1.90152851527321
-0.904387954205396
-1.17609356314008
-2.08650236450462
