1.97948188504856
1.02841214152965
1.30983966039066
1.820304132032
1.1417073372081
1.26941157852616
1.11193445873085
1.98903788388192
1.58296236832461
1.0448081223167
1.21446650304503
1.46996240316782
1.09309986587267
0.833586348424902
1.01340058058182
1.65576788376257
1.74431455362558
1.02182532114328
1.66767323517746
1.19973546446445
1.96500850824032
1.68885462046614
1.18537839144702
1.32570151218048
1.32308173495853
1.95946721873464
1.06893776488874
1.4629512907211
1.84183235739832
0.917575012094919
0.882181544782453
1.39169442554273
1.61030618762656
0.844368242655298
1.99406703878248
1.87567766175222
1.92949628887517
1.18981632712249
1.20649806373589
1.59780053535679
1.1250688158695
1.02335132026181
1.49963768386047
1.78515443420872
0.832794999582871
0.910190091317773
0.87203806673059
0.998890972512728
1.44965889026319
1.65593952193319
1.08759085761844
0.92889531571352
1.67362359236855
1.5964299134056
1.30567584224891
1.81389946510681
0.814767087947462
1.34934573634819
1.82491207210407
1.99681031396042
1.44907395301696
1.93109196325203
1.74009248509322
0.95844624428736
1.31598439006976
1.37968615379705
0.886804034817944
1.87759787664626
1.27427666198328
1.52124298585325
0.901716261322763
0.800016578317973
1.3985635564472
0.974608035110793
1.47640160978363
1.58066767271962
1.09476460647778
0.824822876775459
1.22576393690715
1.31855297937845
1.15654196478102
1.91880783315675
1.12579856575754
1.16967095557531
1.30684572373017
1.66171599416341
1.14657881439732
0.805811615561945
0.921078870040156
1.80198193009829
1.34207196468483
1.92805661472631
1.08046159931156
1.65323849420039
1.51611440500339
1.35378068493156
1.76426173221022
1.00334599742559
1.76894330814192
1.34671364871319
