0.134821873175292
0.0822480719304235
0.150409421209367
0.219401668267247
0.134037252850918
0.128163870148605
0.110622253492315
0.178471271001342
0.0649973749188468
0.0788863600327589
0.104692407260429
0.112741012147794
0.106401475813063
0.14089538371297
0.126922554167068
0.187881561078378
0.166963924917646
0.121471394353171
0.0880597341160055
0.119619031408185
0.0980881252391205
0.0989216700982122
0.120015585654813
0.213449876119318
0.0825661414485103
0.0819432170860948
0.123479532071473
0.171326960103834
0.0909272963323041
0.125695678923593
0.0634567255078803
0.0911671735294451
0.34049929858927
0.114011826107589
0.0783647128985192
0.0713367673395576
0.134593608656475
0.244304540632575
0.107341497641531
0.157873734131691
0.186380951582033
0.160644887484786
0.106907440939813
0.0787407716314656
0.0659159992377744
0.0936995120105856
0.139741416276637
0.0785832944902116
0.126353485940179
0.125468805443402
0.115250403921656
0.181097923482814
0.0560083811608497
0.229389324003047
0.391719339663559
0.0799749088408677
0.116005778411587
0.205237436601094
0.0759083558020601
0.0853531228026791
0.0890676134393809
0.11662533274649
0.0783267998968325
0.154862005422299
0.0544223153825999
0.133664102872855
0.163662599082985
0.115481012155656
0.303832689283912
0.0865026467019051
0.0832703851309846
0.27249641578415
0.13698547467105
0.0776379095912736
0.0706556431689961
0.114306591274542
0.0945027912175486
0.108002684009188
0.137959855477483
0.101196877845319
0.122166811639429
0.0851601118560171
0.0980402012951283
0.180690102483178
0.106258263437038
0.0851408762680708
0.0774592603063233
0.134836345233837
0.137376487671762
0.294719304213756
0.18733930831285
0.233419678070006
0.294842324808366
0.209743729985679
0.156772346467782
0.170475501259894
0.0844619030985448
0.0600870219043417
0.0510114875246041
0.11281513988286
