0.191460710812757
0.124244219203826
0.115265683023972
0.242306370939721
0.108742489709307
0.125479286533955
0.101575118458545
0.178371338485641
0.0880231084565192
0.0624869560282722
0.220381366596888
0.0980828162114902
0.093743409034401
0.193386892788142
0.103522903324507
0.29897882371528
0.214097365462721
0.131759257302786
0.0964382009671356
0.145095088149348
0.159543643236009
0.241875558686837
0.160369858285911
0.283293061048389
0.112058890986564
0.0673915418121972
0.088121110290252
0.136929958958871
0.0746585860264091
0.0820066754898512
0.0736743635802774
0.122595317114965
0.105820132253308
0.168788622388833
0.0871133071211406
0.0896867154023952
0.123422984271556
0.197301486741968
0.0772239015810008
0.0965476046782884
0.138079243054354
0.132802629588924
0.104431547008972
0.188577321094007
0.0998271879659595
0.0656917478201968
0.41113102777146
0.16747755038511
0.0853807211652278
0.0917946004794009
0.0877281887857493
0.0814297410575639
0.275229563915474
0.31797194267281
0.433607337767283
0.0612735967646148
0.150720200139183
0.265976558105333
0.0716299149186686
0.116720247465739
0.0717232188329012
0.118969621216244
0.32283813822553
0.130863699812518
0.0919661037843779
0.165495982188206
0.20526327537393
0.209154431448491
0.18580577325323
0.131533564799685
0.176537267872644
0.171272428310917
0.0974501533527237
0.0892539432585737
0.326891228719564
0.0786716909181187
0.115617748387139
0.147263646485515
0.078712271424326
0.266129553524881
0.45978417558288
0.267916422904208
0.134454486604364
0.114709634180615
0.14301017672568
0.108152329715182
0.0986222113414746
0.153754865859769
0.204660975269682
0.414154983694017
0.242729423060816
0.19224390532009
0.109437464333275
0.0956751410269464
0.170034872494716
0.182319587533786
0.172968045620056
0.404883205664666
0.238499128843981
0.0862714040873845
