0.149256467135385
0.147163606406574
0.112157312643129
0.319607418596019
0.14091778151684
0.284002366533211
0.0820073875333163
0.0654170004780354
0.0636669974118664
0.0619178660270856
0.081120942895283
0.134444680835426
0.109066577988678
0.0696729731477188
0.058078333966381
0.262229790981984
0.103621012090778
0.111455344222691
0.0693648334953039
0.169772061091291
0.0949262842324061
0.249224178806921
0.148584219233411
0.155902595833303
0.101246800167261
0.0793930149863331
0.102355383224753
0.0663793442003367
0.205336256646414
0.108195497344145
0.116420575546367
0.167394204133328
0.267666376753335
0.122627367659694
0.157244244422812
0.155122426636445
0.131509242895543
0.192574287496627
0.111080275798159
0.141210312341551
0.151263374395684
0.155224397129118
0.0851409684937091
0.180595516150488
0.14339951468927
0.0647024481841217
0.126349286128782
0.136066010170514
0.0899898676012437
0.0518329850608252
0.157727084629691
0.0907741635400723
0.368279299251311
0.10139760516355
0.175538894963857
0.0670033226552476
0.105168809940313
0.219305483047906
0.102708361637756
0.134895211557617
0.0929054564209561
0.100584325615974
0.0616501214471581
0.100332757406962
0.0563552349602555
0.213284621906671
0.252396400842696
0.14033123655876
0.113645964656005
0.129806031890677
0.237047532900354
0.265932270567553
0.0927940263761884
0.153697238978176
0.0897489866908214
0.0643430490032624
0.117782280659162
0.21648923337809
0.0806400343741927
0.0770204328976541
0.122976766502995
0.363025086591188
0.0829656461294479
0.101659894580931
0.131388427804359
0.0672354361321364
0.184125479458046
0.212214893376295
0.10567797872267
0.218353656864684
0.30840515404839
0.262260166954505
0.0958764292845531
0.0694260679366461
0.121902661375771
0.0896629757314823
0.0915555210819759
0.0669619178074093
0.336418892695068
0.0881150804910918
