0.0790298919025112
0.105122898536725
0.124449490668689
0.191398619695048
0.0936291766638008
0.0797438519565261
0.092694114397326
0.191350665164093
0.0652140047979451
0.0666845479440124
0.113312634378994
0.117247172765448
0.136117760817966
0.146651087414318
0.0751736678339339
0.280680559001091
0.124510132637875
0.393243475794772
0.0649879523888259
0.242869855880446
0.0978584923579713
0.141476367484143
0.197010800698573
0.269710058590646
0.142645592760133
0.0683462776082054
0.127637698740786
0.210725063444091
0.237094352730146
0.112378667579579
0.0866910196133519
0.105943041146397
0.0665255145003831
0.117791160767769
0.174892796949147
0.192468496800136
0.119453053525546
0.103261291161803
0.107592913156479
0.103636198752677
0.224296555717266
0.186586934116702
0.0679163542376302
0.0943737235100444
0.140168225048511
0.0763494241936374
0.448066846614747
0.147578938101788
0.0992046470109868
0.226138926701617
0.0878987160540395
0.0962346629297813
0.332658291824592
0.0990536708184564
0.320633510843446
0.0778587473850358
0.0939766818464074
0.315703139184279
0.110510745814823
0.129802657173184
0.085445643279325
0.189534789793651
0.0645075855943418
0.177930675597359
0.0892752087230104
0.115521848413574
0.173268944837454
0.14417166493266
0.194405130984957
0.16333641063305
0.0591734277843268
0.308745318961323
0.342070248293805
0.0803311182579009
0.13770469812105
0.0630194701909074
0.188600755663641
0.145407755916835
0.0847201765902413
0.0816029296302667
0.164599472922115
0.266447364357918
0.11668999590787
0.177561168723611
0.0926882418624858
0.0612510131557881
0.135457873323605
0.16691742320268
0.137059686513293
0.353691503528405
0.213373708469689
0.157741131127485
0.274871204498381
0.18929745886996
0.0812448304791238
0.0894008266143262
0.135751288277012
0.4963608884011
0.320716747606754
0.142063765983273
