0.407251329865156
0.110152531419613
0.175635901882365
0.343727949522851
0.125854126602989
0.111592697021702
0.0913405912580847
0.12321786805392
0.0556411984140557
0.0772915091487476
0.24141145202929
0.0753977806141229
0.133457509472161
0.167133156658617
0.0565426924394386
0.287973790367714
0.0903042926281418
0.0863510903587677
0.106177349018366
0.116161391849449
0.121484202951969
0.0939773149502667
0.11109118239609
0.159196712830394
0.14378578909201
0.163468408433496
0.113355194700843
0.127403912582794
0.114102991160013
0.1297528673904
0.103850288519659
0.105198456891844
0.0904751370410817
0.116830780143395
0.0991779864620132
0.0618604379125732
0.102123909199186
0.336009802068955
0.0713131456661673
0.187477222339731
0.210097076772824
0.183326348557821
0.0867728149223768
0.12165515743504
0.0917225844046684
0.0778100837326426
0.200505739807986
0.104655622503857
0.115021122475731
0.0619512798562489
0.0728371330965522
0.0878930241651525
0.308957124785412
0.14319388629301
0.116570050547369
0.0777310268300362
0.105262285912505
0.223742558933331
0.0590537643643765
0.119163799991174
0.100736869478001
0.118814616552323
0.0527643343463943
0.139648206746591
0.190375993059819
0.148372896849587
0.150125489820284
0.150328125460515
0.167087155772501
0.0823039762155925
0.180444889952359
0.434886397060197
0.158951125984597
0.135695321128542
0.158184733625116
0.0564022973484754
0.146293328030998
0.145928980045322
0.0816225056192255
0.263794870488485
0.335693361856825
0.398907071858184
0.106769133196955
0.182060464992361
0.125221386341609
0.105912360906499
0.123913693598643
0.0770263672518373
0.102476637355297
0.203646920607346
0.073606828219133
0.202324069609795
0.0788927361632056
0.129647583209673
0.119304470078057
0.0886106537831942
0.0910023252423334
0.0751942007254109
0.0543166504550071
0.0702128892145605
