0.125168775861652
0.142292588383551
0.103820421919026
0.237591458193408
0.129043084115384
0.0618271662502697
0.0991298166307173
0.0746625025860215
0.0645276244160037
0.0803004706526565
0.169154879154954
0.182042373318089
0.0991016971699863
0.168536766453023
0.0592484059067129
0.24203830079492
0.211259599983276
0.103648171171169
0.114141662882966
0.111133323011548
0.103512970026774
0.206940181296737
0.222559797223317
0.128180662470857
0.0944681633874178
0.0722566292480461
0.110938580625323
0.117452456565442
0.339633091058049
0.14312198573179
0.137656954926882
0.0532623129752238
0.132351355752416
0.0611306888699303
0.0802090972390357
0.12205812150133
0.116893365960933
0.180194279769852
0.114553228197818
0.335129874787797
0.159083360799422
0.176158930408005
0.0745526264014855
0.194942594848005
0.251507463563878
0.0721667242091783
0.118244156554389
0.133283847814675
0.1229189578526
0.130516485164724
0.0879477104114515
0.106500890558446
0.184168718237568
0.0804249137810964
0.215720143595318
0.0548011031105303
0.153672885494211
0.0519719908636095
0.0807940209837575
0.0908857763056409
0.0914143662759284
0.102199591845866
0.0895760314475876
0.0962772758655241
0.0989054040461944
0.12528420341123
0.102601012454994
0.146818090648298
0.154318943323058
0.170199006584558
0.179406812343071
0.0997716268338631
0.101527189485815
0.170264780276174
0.0855538520745797
0.0524784620129864
0.184457679712032
0.108061683524689
0.0701393925498869
0.119844954086974
0.347019921063899
0.069632095845053
0.0906805126685063
0.0606530007722498
0.108785659596622
0.078369672830688
0.0856299594462351
0.306807585959249
0.108146099465058
0.199491182935653
0.25096573529463
0.370407340091809
0.190413228465881
0.162699285838964
0.109109023693583
0.0852276457360397
0.0992197065721249
0.460452425274707
0.132083568169899
0.126607996473082
