0.311415919378015
0.0930248642452752
0.135155349995662
0.280193935259245
0.0862639655751321
0.123104512025322
0.0996443713047277
0.16235695654568
0.0669298334194102
0.0765041786245721
0.125752657376889
0.126747591729213
0.0811207242301113
0.100663101631094
0.0585821310365798
0.198384513259201
0.0746007989359386
0.0611613618983555
0.0837891305908393
0.190344996409499
0.0910673494586301
0.112298161736552
0.230214697886465
0.166139975507055
0.115061571790704
0.0605953132514669
0.127384731358537
0.114195336811755
0.195997670563536
0.118685490174313
0.100796167262579
0.198116446759709
0.215578715885951
0.185348786119547
0.172710835908212
0.196384350891452
0.12669609808049
0.211986004855171
0.0740639159525766
0.135376348760298
0.178331979924491
0.123007739332879
0.0854491531459804
0.150799697612016
0.299990072176439
0.0893613950038917
0.202142611704477
0.112985947690927
0.121872200576649
0.241472243114874
0.106176750072349
0.0991214042580019
0.235291888126248
0.0816308201669689
0.0689362297732986
0.0618233302886582
0.085830568730389
0.189421901612517
0.0721841489935955
0.198834838068347
0.112040440748806
0.0833326319544996
0.074617738397769
0.0924208382599972
0.0599898712457637
0.1197091883915
0.230918112746264
0.0915904944373705
0.134818298224095
0.1497094940961
0.146643099484805
0.153635716271013
0.331949912418491
0.290952555050535
0.0856984133432569
0.228515896171519
0.149102996433688
0.162630027926207
0.0662485103512744
0.190967077919587
0.44280034266698
0.298324169951008
0.0776463338739314
0.14975208569785
0.114411549136752
0.0694415856153701
0.24089232115589
0.161615385954367
0.143750788010485
0.264301592631574
0.1631836496446
0.193796815642319
0.201315989656957
0.250816644944202
0.172295522831068
0.144467855755208
0.149854819878327
0.0968863227572533
0.0507324574355898
0.100938740621552
