0.131416304783112
0.148595705184481
0.115097007300744
0.200795623780611
0.0944885512198194
0.0817094056120891
0.081663606515972
0.1793716786016
0.0610014972607695
0.0592760565708066
0.137087088222469
0.106773719888298
0.0889992362328269
0.124457449034895
0.105049227181479
0.316719020584716
0.0827228877896018
0.0682161548135774
0.130532781444354
0.178807284583069
0.0757828307462202
0.236832967248711
0.231833618955507
0.176213225279771
0.0933550683720178
0.066774241281613
0.0923392545130219
0.181897758085189
0.0745093313278617
0.147451053405893
0.127512791839566
0.0587539769474475
0.171720053682835
0.181235596073247
0.0686525929824379
0.0741460984409293
0.131118533543531
0.205175584853678
0.130518230230963
0.131581695256409
0.182204508115302
0.19540582459441
0.0693965497448988
0.101036385780348
0.113305646731427
0.0604896128120637
0.0917435534325913
0.14392193190112
0.0855803932924425
0.150600363425987
0.140429018930911
0.164489850225367
0.138547968578552
0.0967233891105184
0.198912542860413
0.117279008688611
0.134551920475273
0.111125885643497
0.0623788787474332
0.179828765123523
0.09963818066499
0.130010975429787
0.0987120059852275
0.144392457574585
0.2162137340537
0.116039002620221
0.0758367196507516
0.118267692295438
0.195434875214343
0.302238111931714
0.0528492711890487
0.442085083780793
0.0901060696002498
0.22489333704011
0.176917854849303
0.0825295237169892
0.136801185820904
0.0987534876222014
0.0721633733319808
0.211285827828471
0.0921249237982223
0.0624354386452016
0.136577312271169
0.223755819674955
0.149077232704114
0.0989447241963981
0.0699080820681418
0.213143475789266
0.100631453579942
0.29635762548709
0.132549535530774
0.0943082312084873
0.103495588600897
0.348297000742048
0.124977758000506
0.123052569914666
0.0879936794471723
0.0929973178920062
0.433913412151701
0.124976575331407
