0.10766142208129
0.244886745385965
0.145325833301917
0.26378726117623
0.0944678885275842
0.142259996981285
0.102845037307994
0.140199531999033
0.0760063319913829
0.0749261316033185
0.0825078530293374
0.156225766938858
0.0973719432798354
0.177978232644142
0.135056861450758
0.355905401393377
0.126139085464943
0.062416914875372
0.0919212233308882
0.139043415245377
0.125400816588739
0.120851947934519
0.203360718551576
0.272347062457953
0.11728981223455
0.0671365342638654
0.0850238753512659
0.118352005545119
0.37215154251307
0.171459561988683
0.0922213213066562
0.0586639790526138
0.155269030613295
0.156356335656975
0.0986901804586809
0.0861693756484421
0.11838679973118
0.361867754285296
0.086273228145591
0.185171963281164
0.17949297459318
0.141273038079242
0.0928921640484405
0.0945642869321276
0.0874328073757037
0.129564160427321
0.0882690809747796
0.150411327142061
0.100392891012494
0.198369040943414
0.0950510242000427
0.0890061126428177
0.170246013961184
0.137977733898081
0.0520958392044259
0.0726055442133204
0.133014565019184
0.118837370470117
0.0655813484654045
0.139975495560703
0.147807139284628
0.0892501433867053
0.0607950103258494
0.173993705534288
0.132902339813609
0.15885903405902
0.157541964345598
0.171015880926857
0.186976205666636
0.0947597991892312
0.136002598776095
0.0736215773981194
0.0528993289960283
0.165152273734049
0.150361046295484
0.104480605479407
0.111861403081529
0.101066044333067
0.0872212713941384
0.0628928761274021
0.185638892641537
0.260012461694589
0.136977043474345
0.0897458188970536
0.0923193210101668
0.0623623077527186
0.123982829850082
0.241528669898512
0.131177610848717
0.0723015462994784
0.0682638379181681
0.212644990029711
0.21286492541996
0.243446135551331
0.148590341648849
0.0845006106118584
0.111664931883065
0.104870207256589
0.0500955120988285
0.141050168433291
