0.0599781820366726
0.158174661785071
0.120827748376098
0.164341136967633
0.0871399563126643
0.313636824807835
0.0938979094881896
0.202764734567169
0.0737859700658471
0.0878145103192671
0.0738988694635177
0.144034867360421
0.109047130464202
0.126901600269306
0.198859553117398
0.204638722551718
0.294820760120388
0.0993660653331599
0.133429023328945
0.113943096705932
0.110638626646436
0.136076188709713
0.164653601959609
0.216507900260154
0.072542986280068
0.0659772448780533
0.150726164250372
0.0805642907132547
0.306867788729241
0.116008668323709
0.0894523312285792
0.136982809566255
0.489735574977047
0.152186552346594
0.163083090801344
0.0896269186582026
0.102517495644259
0.108378120806235
0.108005456171713
0.167493661842464
0.119047337689412
0.186404620562968
0.0829001026718392
0.199128013063251
0.092420359727644
0.0890981743400624
0.180726644961155
0.146315970707538
0.137908186539542
0.0617231746314577
0.100364560482552
0.0966504427391196
0.176918247656823
0.111059930475275
0.483275548401733
0.107199707806002
0.1505102611576
0.466637811492634
0.108285345395352
0.197391069075164
0.129885702530454
0.148825097377926
0.0634716890471776
0.0610438440045004
0.33407033724224
0.168716608719539
0.227769453406556
0.166317764806528
0.153454050196924
0.156537685336527
0.0707373770888426
0.323056901620489
0.161965322101225
0.261520634752832
0.142309860400132
0.0610438692605666
0.136648086067156
0.110885054004143
0.108155966802482
0.114057144611548
0.146966618962406
0.165241100470883
0.0865328294303767
0.0710607450419665
0.089952080250244
0.0816396749382571
0.0906477014213139
0.0837509329765603
0.154798148388025
0.1186883776496
0.317072298599666
0.286314130322832
0.138234015108317
0.0754590217738553
0.180774269244717
0.171540787063705
0.193386565539715
0.139658418300508
0.0500196039760645
0.167430311888486
