0.293816193425353
0.119818991972893
0.0936627619848965
0.238084596515718
0.0828845664459397
0.361372403616473
0.11469846133413
0.0561079090629816
0.0627375777351205
0.0734174586540442
0.110087740779956
0.136925982504857
0.144343179857888
0.161445014909042
0.0676456952046893
0.178707137512212
0.0856782941200985
0.0629612422190695
0.0607856963637199
0.150232743032371
0.077333199232911
0.0944156414828126
0.209341602936281
0.130683196414997
0.119178567956236
0.12729176089966
0.126977083486283
0.107009013246959
0.114018734918836
0.279438723584967
0.0980241117403138
0.222283098140225
0.0630780408427853
0.219244455195879
0.14974811812124
0.111702610266348
0.130301327797832
0.214370108737838
0.10908121264155
0.220946991602813
0.127482431780035
0.164993222035763
0.110624930135167
0.125959788073973
0.184198176652898
0.0934619412557455
0.224265237056982
0.101709030371337
0.141533303515545
0.0569011467249249
0.154682767010366
0.163258686262506
0.172139638860493
0.135946764898094
0.126515874474221
0.07257044684478
0.0799642712289605
0.147541361587262
0.123051666156952
0.202641620295593
0.126480563918268
0.115374375965009
0.0716783380020757
0.081587605628319
0.313790741758857
0.129110300713715
0.221821258894809
0.232010131043647
0.176430525843666
0.0940302561702284
0.0607199397825174
0.257915466436038
0.0774063407587134
0.143881729333818
0.0876766089805745
0.0694806569237949
0.0775551368904814
0.180105582502916
0.0724043450369263
0.20055809973606
0.347286108867658
0.173358336840866
0.106874409104949
0.0794493496987938
0.109944244458013
0.0731605138258484
0.0637092028277397
0.295034481573567
0.112277189851247
0.186912356805033
0.143352514498572
0.139154433081951
0.162415283699114
0.100564559948875
0.111338902394309
0.0889246473587169
0.15706751648833
0.136761758327246
0.46619231881253
0.0870488562217532
