0.428936922213628
0.436021733608685
2.57143771015864
0.642977812986166
0.573313473283832
1.87881039421622
0.672112825371197
2.03571041153235
0.572666690334816
1.11737066212915
0.758031886699567
0.785171482628829
1.08437524157705
0.49506985593623
0.604793094743006
0.420264009284098
1.42426987464728
0.670597955104558
3.62849694305871
0.425299434978687
1.93472179809057
1.65298565662537
0.568567368400383
1.26273461700774
2.47198866406146
1.10387706593194
1.10592908567107
0.80476538499753
0.923704254962148
0.95341999366939
0.797912250416821
0.545976773944943
1.05245093034998
1.15638989274181
0.834452064914525
1.46369399361418
1.34857978704997
0.902386385388422
0.863838887350729
0.678517516243766
0.955875847218865
0.842683474010541
0.391248599036086
2.10473417595259
0.888808179034456
0.574692190770566
0.731242237211456
0.520074982371389
1.3328427743755
0.826017314892005
1.26081453054455
1.65812320002212
1.31813576219839
1.81381981127096
0.558328298566124
4.63791335434694
0.461313893101616
0.398988214786906
1.49532634195615
0.805612255824303
2.09980240464805
2.32608049258319
1.50379866460275
1.07964980356874
0.752195808534458
1.17082893446762
2.51990088397637
2.29271967086178
2.47128614873691
2.27903230127787
0.748322589507679
0.480753084623254
0.560783826399609
0.935429621519607
1.31755189272331
1.66085221863492
0.775528292055538
3.84756413944466
2.23107200662445
1.06831583133657
0.766765270054704
2.11295891564108
2.11317417636703
2.33081560725282
0.914580569156545
1.38995079446977
1.75534464389706
1.26414095950466
0.912550755101404
0.774689132667031
0.941141670218645
0.561349068300209
0.601686022342283
1.26834756835551
0.500709697396514
0.754679543790573
0.873001513374721
0.751156851121694
0.930113139225815
0.734544674228195
