-0.454795417203642
-0.0274184195710593
0.308234084770325
-0.866851603531723
-0.603611064802596
0.0393642803879808
-0.824745224909618
-0.4164668182988
-0.161289300393109
-0.585002003956415
-1.01152353911511
-0.515624421000088
-0.788376737298027
0.263409468139379
-0.570970614490123
-0.784213444689445
-0.00223542850801975
-0.278877920395499
-0.423055415425356
0.439229315946155
-0.297163101010378
-0.0410825579462096
-0.106072807052806
-0.645267139654484
-0.60849512076323
-0.420346385213728
-0.138480836596359
0.319671907624625
-0.366351444888519
-0.107028949553973
-0.531391021827794
-0.543370818585653
-0.2509299093637
-0.682534926986864
-0.303768868036547
-0.448867860198029
-0.530146500072958
0.0781336566740155
0.542427827729976
0.210032271205748
-0.550791685262649
-0.469596326211542
0.302074259359679
-0.489352358558908
-0.739282232395998
-0.447437807110508
-0.245726589100164
-0.488480694123827
-0.243064891607487
-0.545898108001368
-0.537237879617186
-0.653326377971106
-0.441821267805848
-0.563419607309165
-0.499026170450503
-0.683662674501387
-0.484186064488127
-0.993687927860587
-0.571127531338542
-0.549618141594908
0.303459995141545
0.0914797235645661
0.314092783729805
-0.0517176097882919
-0.686595560323859
-0.146653117243493
-0.560286311679773
-0.266089227069274
-0.230264610249653
-0.455898872236011
0.0986531356717315
-0.878831417194493
-0.292816752426013
-0.228881138665904
-0.0981028623877764
-0.000747517125232716
-0.240032614998215
-0.808749208715956
0.504209841795637
-0.147496879533751
-0.705047762531937
-0.190680080003937
-0.0165960647408175
-0.219233988012267
-0.0537414730039527
0.434972721644767
0.265498843939919
0.580078538600791
0.435955209911792
0.402200565395926
-0.36672457318105
0.29145074353662
0.0981073977612845
-0.261023375915733
-0.506160621946169
0.142583912884204
0.0882288683698904
-0.53490865737312
-0.15599521498569
0.35059200210952
