1.09957237687142
0.522217242702206
0.468175966280896
0.784482477437467
0.554027797744047
1.51223625634852
0.332102159949318
0.925483753198238
0.839800934812907
0.53453372834828
0.84556845479465
0.521228180182883
0.330379244327473
0.598696009215568
1.13502720613574
0.667930104467746
0.924815804655022
2.13447573400908
0.726293907155583
0.849172066391294
0.550784082447219
0.553761518668981
0.711221406574523
0.560675668467765
0.449677102411444
0.666398274601481
0.470135270451351
0.739356508146872
1.70991324671076
0.51449765574325
0.472090529754309
1.25745831790774
1.90668638294
1.00122553522184
0.970666683978429
0.516330244400847
0.247081607532844
0.941411172150231
0.488116723151194
0.926919087805958
0.328955719774096
0.364192767812256
0.428140587489562
0.499826710685904
1.2150875694689
0.86747325642565
1.26155579188067
0.509340588130311
0.385078696471054
1.57431324777593
0.681974614457997
0.717647274820779
1.27459525335326
1.08125400373893
2.15697277705606
0.640716017070437
0.513623850285218
2.30896653385754
1.12154000576291
0.799006872974831
0.57318154629153
0.463625451027026
1.71773330833679
0.680424753779203
2.14312566687452
0.397072725826373
1.1420776987941
0.585116520006351
0.524259164715472
0.767839469750872
0.995178243636175
1.35930715257439
1.67284780069044
0.875037627059922
0.943939349527236
2.10213303462688
0.381422377660646
0.502390684755374
0.695033547859777
1.08780962458701
1.54718577853718
1.89281029851154
0.49320238175606
1.35648487732851
0.355904881623532
0.746767581159287
0.873712536381552
0.849339797872772
0.589587935386955
0.961391034635144
0.885186288188317
0.722849537396663
1.18852996080358
1.57318058748164
0.576572319408535
0.873775895923166
0.597364050728445
2.35888839963476
3.60769719151069
0.475411154896523
