0.640635219651241
0.848500175537333
0.711010367268023
0.732784299123732
0.713748240218891
0.899841236357761
0.798157904863909
0.844141356447616
0.613278772009622
0.840458572594699
0.722668496704736
0.669588398527951
0.79840106314559
0.887047402869164
0.863878311757298
0.656417251037023
0.834491732253401
0.734384903676179
0.884925109857234
0.786657126261222
0.760156746392533
0.840709613385492
0.661450507803662
0.855541469482434
0.81090967797365
0.584110783723046
0.816612668206503
0.788089446536299
0.606587817719297
0.881422980376805
0.688606026484545
0.850646149373963
0.65478719949559
0.637820718929403
0.888751136887601
0.651334034488706
0.68083872336642
0.780344605558564
0.740443327283346
0.819229960713219
0.739886736126118
0.818756939172361
0.764020413658261
0.645410613830826
0.58994989276677
0.719572484983994
0.793848075199427
0.663919313982502
0.785764879464725
0.750547423247865
0.659125436905085
0.644373687573188
0.788518690967961
0.76532851952342
0.794105489233015
0.792106071108873
0.753318710881178
0.826546838392184
0.796995681109025
0.760642462840096
0.707820122200932
0.814488680142972
0.812993238653877
0.81053389414216
0.65606738526893
0.738855580360537
0.588057425156086
0.728073966855735
0.762817826844773
0.77232817595939
0.696247516669522
0.764899257524672
0.804679229848434
0.73123548787809
0.785589216801073
0.813652711021488
0.863014445444898
0.763432836990283
0.70045160764107
0.694661569451244
0.808642394720532
0.768215494244353
0.555330786214337
0.695275203107844
0.699839042137557
0.54801284665611
0.494824527765014
0.586277219045926
0.868630528504586
0.896387229086882
0.527544115059512
0.827556440594245
0.765995069753223
0.806712680732218
0.732781844286541
0.751063068205671
0.809634284042694
0.817624238848191
0.792993275926402
0.692322290766961
