5.48869541899161
5.81243263437052
6.07566890082816
4.92743781519178
4.07009941904086
3.63006694314306
4.43478920828302
5.45346507945971
4.45373928871097
5.90781883190166
4.67559791913485
6.16988609294418
5.92951430708588
3.85826607368463
3.61098192011628
4.80642801964591
4.63439878612102
5.42163077174578
6.37376857720288
5.64288374605183
6.45704668364241
3.6115250209568
4.62589882581548
6.13311808272421
4.7047757946555
5.73619891684539
3.94906446275085
3.65839265277643
5.42610580083451
5.73832941969015
5.4531930815944
3.58694349915813
5.20135648845944
5.7207965656601
5.17169343508563
3.88268616393704
6.20404738094313
4.89433358271927
3.71509990450039
6.45110993934523
5.90273946401545
3.82678778189844
3.51555675723981
6.099949257386
5.2283057474727
5.2018542174441
5.71276959101172
4.45061449358917
3.72429488633112
6.23002120314923
6.34232635750262
5.48301631259738
6.17833430452917
3.98058151047476
5.13322504177337
4.33120024611108
5.95663910114775
5.72286396123361
6.30693907555903
5.05010353681271
5.90714172660663
5.84740928128027
4.76705213344954
5.12158221156467
5.59845149907369
5.45672532374785
3.84069330508801
5.39567151681117
6.06971878507225
5.32782069553856
4.8441708026836
5.01415682106202
5.21922889848301
5.69621949372305
4.97163108484946
6.06070661334175
5.89334331671912
4.84732366117521
4.99610616168646
3.90836691832168
4.81343131862206
4.10356540000348
4.50703052118556
4.13737967432769
5.86620996449125
5.36559238222777
4.42769079473473
3.87243315463482
5.14253498883868
4.84075723510928
6.25041606541406
6.43979843729528
5.0046948285965
5.24555503876165
4.50276969835198
4.2302909243359
6.35674561132212
4.26814146462505
6.41021424910817
6.24987082323818
