0.475612123330387
0.469285096981923
0.260073738700828
0.160285475457046
0.477160753083589
0.710337720916631
0.45648651669827
0.987428897938636
0.384285269750716
0.350106994201713
0.533630153534
0.282803305836118
0.846336102224246
0.369595641386632
0.330202928046638
0.907454928304416
0.376723580251782
0.568530433312062
0.268741003582757
0.431223735803867
0.507836418070573
0.442097558088362
0.344273908086827
0.627370020840012
0.714654334022646
0.389925166714247
2.80761862591095
0.793685868074332
0.733617447379361
0.939679578640973
2.18494061206341
0.324330343807748
0.491959606636824
0.929847371161833
1.32617710467709
2.28429852850475
0.580112177076738
0.715358223785679
0.835619042006905
0.837999818713339
0.338055932317289
2.56759586242499
1.07877262375198
0.658471129726247
2.41247248744148
0.515084659189774
0.459812174570859
0.441136335952517
0.269680521559163
0.548745936325212
0.66713469992424
0.783910131056813
0.381362219946683
0.443165262796742
0.481864445906506
1.03635382237692
0.41377874675542
0.440508959937972
0.830711168754899
0.953191123781158
0.472572212765307
0.938613474999431
0.412734101193195
0.378516180813882
0.229603213066687
0.522942185447119
0.415577832551164
0.309141465533916
0.277464385482952
0.272444285969362
0.388039230267729
0.878783874283173
0.866768607701357
0.54514840485559
1.32524450242341
0.484420214009029
0.541017724387427
0.233264903319794
0.40283571664836
0.312893546094945
0.35880147818446
0.286269869932285
0.294168501182581
0.433334675148844
0.639619639761008
0.323828759343774
0.881948019307645
0.304989980399572
0.345242734894386
0.605073263174221
0.726564914390641
0.424544216553351
0.526101596418849
0.552106448657985
0.264272982457393
2.25697445474192
0.241535861988581
0.340498739386936
0.749056766805393
0.281965321398063
