0.0299028721462729
0.485725319721345
0.238723045648052
0.0481640730475485
0.00546439815839512
0.0966462056830352
0.205341719553095
0.216584028629554
0.33425587641348
0.167439130901249
0.1755409035617
0.355709619427289
0.0177784324783856
0.0733634095553425
0.205872159499528
0.0151195348929357
0.220098993448694
0.190691783181102
0.299984331684905
0.155126557977582
0.187826078179953
0.152670890439683
0.233689613723721
0.217548128030717
0.165204996522524
0.198891965549299
0.115922879134793
0.00820419599979153
0.203719671883212
0.338697480639786
0.0824411667413977
0.0378250150234713
0.24118000414584
0.0135584752239951
0.204972316880676
0.040351014134212
0.147300218780913
0.0750884234652764
0.223335413964623
0.356267907092877
0.228151497740858
0.138173127940354
0.0980699938345193
0.363656400743194
0.512927913351828
0.283917722315364
0.469070998353061
0.315580602786696
0.10813605874278
0.290296765779738
0.129668050829023
0.289232950819288
0.24690527590238
0.141487786654652
0.346409163439087
0.190869356330349
0.18838153172809
0.223759441604061
0.201942768157358
0.279765572382738
0.318838514609714
0.0820815429535493
0.223353329952321
0.173296791703393
0.511498879736922
0.34343019199918
0.0679081765463427
0.0221685189294899
0.266123783314981
0.366017923993312
0.499555226584423
0.472030461081965
0.325354777661898
0.0612720930629329
0.33001908217698
0.501835740073093
0.162737173542811
0.459169910156814
0.227869742822043
0.146244707191943
0.490845382453784
0.101092511192659
0.118757914615314
0.0360696721790633
0.480829928562436
0.410887567232592
0.221898826906375
0.0089444057826332
0.100253083459153
0.30880130501281
0.142622014182336
0.328999257380643
0.0382443582468512
0.499563623799452
0.0285864714561724
0.136171512604746
0.0904489968463939
0.0502565499890536
0.029999370508523
0.16964904963513
