4.48074873720875
1.24580515573769
0.663875509675897
2.29012197696857
0.483214224865613
3.91068513823552
1.05001251201821
0.00252380576418369
3.15383605693755
2.37460279934005
1.42846308121882
3.56534191946287
0.03788266335783
0.731248798371882
0.294676026222152
1.29765788117416
0.89526406476338
0.173344445657232
0.413426092560487
0.0654760467344676
0.700465220695958
1.46410222356664
1.09119800593553
0.180870746847496
2.85727856835857
0.0394822804220115
3.59472148147831
1.9983744986767
0.637513760538949
2.32423007071387
0.042516839450616
5.4466787373534
4.02374297370155
0.272390403274821
2.06219274785879
0.00275989106403312
3.21761975761035
5.61657275128521
1.00180633976409
0.954237019669966
5.62840653451314
0.0140403499092744
0.683834186602682
1.25203768857187
1.80845626441483
2.44869344182608
0.246294582621631
2.38298564133405
1.93145124960443
1.7499125709295
2.90800046881601
0.743516838477364
0.318549533620161
0.342513581479763
2.60126190779185
0.162746826168951
5.65426309860026
0.174408054982292
0.0190268389844059
2.06644258651378
2.15098099287347
0.373731006983201
0.531689687217592
0.228984569049874
0.798019704778154
0.0360985196906126
1.10641958603399
0.00885627434956012
0.0086145717823346
0.208485440607823
0.910154613933448
2.74180257046453
0.69142832495426
0.323467154097155
0.419641799717732
2.11830854039123
0.543737199296252
0.767646737919877
0.0492658134434317
0.0221283398791502
0.0533355293505644
2.74207486920867
4.87730054110175
2.16017392041876
0.184788672777068
0.776421232295537
2.75585113594527
2.63073956940072
0.050674494983415
0.0022767615315011
0.903007185223192
0.0778111575373465
4.96805453447944
3.47816369893346
5.93026331846406
0.608927542288214
3.07917455606113
0.97396521096685
2.2703546203501
5.03696055956421
