1.95069913640278
1.75188518403811
1.51461872935597
1.95526877894413
1.78247344463076
2.42150773507025
1.78757512888736
2.47731552976799
2.02815765410339
2.09456423024068
2.00462166590957
1.69067201961405
2.21848802888639
2.14373820725792
1.60397212763942
2.14320313318496
1.28186192709295
1.97407727573291
1.02939557921449
2.14407275650741
1.57362111232766
1.67207919609128
2.23847222938939
1.88475617931582
1.04944220479976
1.75441259525115
2.27641934902711
1.95014616718271
1.69905201232921
2.14660363588343
1.59615584277667
2.25815113747257
2.0106448976918
1.92830263760581
1.68720693691813
2.08577393614217
1.22544601621522
2.44186104095692
1.7640211161904
1.64384731060752
1.81608054975978
1.4957920242951
2.01892564348655
2.44184821850774
2.00734775537945
1.94303586707349
2.26225754707604
2.19176756092637
2.37305616267314
2.01690911788956
1.7521886827509
1.51986299224315
2.06472824543257
2.45155071356589
2.25779140900496
1.82006698842581
1.82413270057452
2.1937590534968
1.65949098787755
2.05031525211353
1.83341602670084
2.47278327098801
1.50701000612847
2.33513250554204
2.38332478431864
2.37098211038751
1.88441981884791
2.0601675393759
2.49328313207816
1.20979946301937
2.14623545223954
2.34662230735944
1.53375482582287
1.84073450228048
2.48218108921987
2.20216109968117
1.60839241150966
2.4909039391127
2.08273864568407
2.26429564385323
1.54564720933418
1.31539678068669
2.33013326197994
1.01552225704814
1.08063193136507
1.3216659693961
2.36952186441812
2.04899934113066
2.13310337177877
1.94776335021388
2.12304688311838
1.85761808052387
2.03978937523326
2.3058507557375
2.25286170654628
2.34935693653156
2.05871852318681
1.83974727342783
2.35355593892625
1.55608546668951
