0.138079600046712
5.91805750483861
1.33966248445031
3.31332847286599
4.45101680823749
0.365135708372602
5.00041618684394
4.0580707330662
4.65563770021835
1.28672690192327
3.35122899706861
0.702955171802187
0.644421308462119
0.455699938724748
1.85047992204136
0.64744875605993
4.07912512312895
2.34053315578554
3.01079636562271
2.45434413046229
3.26361402873279
0.360821377463261
2.98615877122992
2.97044465022284
3.33217275675403
3.03831764963689
4.30372315492979
4.18459008373177
4.44343139749698
4.58025819731091
3.28951500377171
0.736811933758964
0.443818568072904
1.88289446192379
0.162473652429132
5.13533090060165
1.51664947362907
3.37513147847058
0.4730791039423
6.09164196543417
1.22530887955465
5.90090025955572
0.0196226152740963
1.0504618825965
3.45519849803846
1.11539959135598
2.59380014735498
0.00275602196566476
0.0549660523255986
3.8612684195966
2.43303766094953
0.787141783706569
2.71736392016314
5.88184896434698
0.788863038457921
4.44972910760601
4.18157775690045
0.889294673552099
5.01900028504874
1.09730540149505
3.82173170277787
1.40344612397169
4.59691789423331
4.17485721649107
3.44352124662146
1.87628367528394
2.10216587825517
2.37701983479229
2.80152170424601
1.47133919460509
2.78236136836641
5.9241306320822
0.220762549995829
3.07848846503462
1.09802730441049
2.20692837445112
0.785733526888558
3.33640513680577
4.58512714311029
0.404823380236425
4.31972454492289
0.632098565005276
3.06216878531569
6.19491225499273
5.52838182656082
6.53610213448788
4.58966045769986
2.6666130179333
4.49817972861377
2.54347761260854
0.000404264981140773
1.8864699083999
2.83618392427234
0.244711617932066
1.33132879540969
0.793433229600718
1.20000144371584
1.37765308457568
2.44441927744581
0.00928210490208247
