1.74667450920975
1.45264616644531
2.40384324793052
1.58221996347202
2.19720211564368
1.22316892370314
1.53234078840084
1.58841072213629
1.88705232743548
2.41498256807751
1.87743464707152
2.27476649717384
2.06952635312966
2.07328503114559
1.62209724096932
2.36426018253947
1.19746072224973
2.06945364417193
2.48636011868208
2.03390051478909
2.32698937456288
1.76476166554659
1.94663126504571
2.00786243863551
2.39122358735074
1.71812776433201
1.94766720494428
1.35850123794429
2.28618470380609
1.70330383811695
1.92559716586808
2.18889679229546
1.9085996700252
1.69308013310662
1.91650205125474
2.41090556056204
2.05818005231646
2.27296846812929
1.89334768797872
1.89502378019921
1.73091246605865
1.84891816568058
2.01788783967374
2.12456575635086
1.86074493876071
2.05079615175658
2.2309901291797
1.83779787687834
2.27373200592117
2.21393327551046
1.99294785686644
2.13291947966736
2.19343551525906
2.46807321066917
2.37111786957749
2.48159439542853
2.17112472277589
2.23922502945783
2.18536801123869
1.89474516244424
1.83023631208383
2.32825117047261
2.27021327965973
2.34171847756231
2.15482514684299
2.39608550874622
1.60710140168735
2.45751144191769
1.44149036094431
2.45394416887736
2.02274213922421
2.3295331023063
2.03600604322425
2.22322831747706
2.14703645636956
1.67762335500322
2.08069186505155
1.00344076417802
1.88472625867338
2.17076605492236
1.69542062139174
2.33564473135725
2.30344867622726
1.72678416016003
1.07131178966385
1.72560703582119
2.35407023698288
2.35397409952702
2.1886106842691
1.62083167614373
2.35006835876362
1.77781675728978
2.3739895047324
2.32941516826635
2.24227443929352
2.29111242332455
2.18467266625518
2.09308018760067
1.94518068635143
1.87698406907577
