3.30429947436857
4.12088103370276
5.47898135431157
1.25575477962023
3.71788400513322
1.34321707825717
4.74485445093239
4.27264786228962
6.30518463413675
5.03809931703792
6.33108821313667
0.477457536212124
2.23929438376477
2.25948512371485
4.95698026196156
3.24375007824785
0.990764834556545
5.84329769148837
0.053600296509335
4.69722622411577
2.93990859431236
5.25646190629506
1.78773975323455
0.863175657447743
3.78944865405411
2.84243137817992
2.66126176960231
3.03218633717989
2.34451677206055
0.493257307527199
0.93987571750197
0.436365466781999
0.128281757938994
0.813823283422847
3.2968452300854
3.21024717704924
3.41297469646384
0.664542697619399
0.272279217436746
1.28955388128236
2.41990328282269
4.80307356143341
0.685658577658751
5.79537419736345
0.701691298974126
1.91847590449673
3.5869220269985
3.33434913314396
0.25815473722061
1.11602585415957
0.288764578748687
1.87927182149467
5.45872043096705
2.90864358411401
0.271528741750916
5.56623288752989
0.0845652016962008
0.467379380049709
1.27316252117926
1.10394056898062
4.86079085882911
5.70450825995292
3.89268908906502
0.173411932782791
0.399069527407012
4.7039594779886
0.199706560622525
5.4264312483728
1.7350248753573
3.61341436454403
2.84885602120144
0.915322625024065
1.12846201392446
0.140763120883175
2.04622917905843
4.37943016488885
1.92692910656553
0.89048455709986
3.40716808548339
0.877104102338073
3.31070484553212
6.63639249281976
4.06625740291877
4.02326657953869
5.67570598463538
4.4078536540284
2.7834322014609
0.441116022843776
1.17904530275655
0.438967706094179
0.0313189378201222
0.137137174330214
5.2309859388667
0.0122978511886372
0.000634540005222794
0.0145370395695243
0.365147771801951
5.49603634270555
0.0881626765367016
1.93780829480738
