1.67490158666801
3.66227645096045
0.731471627925967
5.8909279884752
4.21727274278394
0.534096461810106
2.96724782649505
2.08611182320645
5.44895990593352
1.48208788367238
3.31823928353364
3.899211861054
0.21700038146879
3.05056637793037
3.00486321371676
5.67239209938257
5.07019580889003
0.0222231121052956
1.99072346751203
3.59464794891361
1.51928171667626
4.42539754445111
0.0933318221058567
0.0438971082165747
2.97224615016286
3.74659082637828
2.40899887822592
2.14712391945363
4.17710292116514
4.76436985996259
4.87229950585892
0.363619062310393
4.3607534784495
3.78581862211573
0.496755438083143
0.725482301696193
4.34250835960256
0.012589443679547
0.447573468360078
3.20298777946644
2.47228544026693
5.61754315055233
0.0812455861952867
3.97376988328573
0.72162347918765
1.47471724268306
3.04349026945769
1.19922404354674
5.25926468672737
5.92140880415876
4.43059256658618
3.43663556063104
6.04425514985636
0.453469809331346
3.21576830703987
3.62873157973985
1.16333913833801
1.08928519382347
3.20048815196192
1.07565536579584
6.11107027676222
3.90755329002456
4.1450977192777
3.3025818855724
5.69985938057246
0.0220272301226086
1.29098413969016
0.11523897784463
2.00132579258238
3.39030559379123
2.62992533526751
2.32527676248595
1.05510885762293
2.33181285994462
3.84580918475074
0.837168371834238
1.65972507940796
2.94514522399394
4.51286147036075
0.43334706596146
4.91950726450952
2.60868394637011
2.33150523063792
6.65850816282661
4.83564848879364
4.16374216573531
3.39699899042941
2.02747115500028
3.23689222758857
6.82863105550542
4.87580591429147
2.79451960518259
3.36654112049736
0.79901468299288
0.979567154577096
0.154081364755318
0.264799875774437
1.84685448564193
1.84369811791285
2.85917165989934
