0.030493901890117
1.1404970495761
5.05682063022681
0.467831061395277
0.358509496982384
0.155191917533606
0.62228928367367
0.531379949747291
0.434620708348664
0.05290796148525
0.0760135856669072
1.07443784193724
0.0384676521622108
0.809088884085295
1.1339182395982
0.250185927295725
0.220132822994554
0.000833301697466128
1.14756804253996
0.246880034118471
0.150818601519441
0.337463311516974
0.056572741671738
0.381823635894963
0.0409277686253438
0.790715588605547
0.216039934238641
2.61509256978552
0.215676123918135
0.207736265971543
0.055848404644513
0.000799367443335787
0.0142500046239414
0.765092560593448
0.0101305589965419
3.9191101040196
0.0780918423301885
5.19242352503447
0.108670780026923
0.173144020099511
0.594208642908615
0.206262657524939
2.65333019019096
0.172129396376403
0.973622737550717
0.916993537747405
0.476839194100492
1.05750559537227
0.031175021742948
0.490754887170324
1.62286720049497
0.77060181604625
0.145522409747707
0.64244137113458
0.278269712219466
0.529196050296415
0.069254509701115
2.70458495896732
0.21677769161845
2.03561387464352
0.135664930783293
0.817890405092307
0.107622847620595
0.321370541845909
0.0141718686255007
3.93087373712631
4.0703976960864
1.9737776417521
0.309386849600984
1.58244080511126
1.8962260312286
1.21103200238381
0.944374736058058
2.64950506048645
0.110193606657071
0.253028685479712
0.107831987609991
0.0774753687292244
0.505124862318318
4.02027406111395
0.176178142854341
0.0014004474911149
0.279797515321377
0.0955448612787073
0.101801110003227
0.162639984376053
0.0561461267958459
0.106645913711056
0.140206273422648
0.00377211873759426
0.0755489638515532
0.0827769318395644
0.00672437923868679
0.00337829046804454
0.0128508133202127
0.000284880431400307
0.00648687788415032
0.046312163501136
0.268362401455052
0.48823642679936
