2.07264047806966
2.01256387713862
1.91532520449839
2.2052653049079
1.98193270938721
1.83291078429165
2.01157775878182
1.48342920633632
1.64504743404491
2.33387772093551
1.55688276978154
2.24575516741628
2.4193891527673
2.04754279941753
1.45453588964749
2.2316256601834
1.03006265506336
2.16801139842026
2.41932452870995
2.02423144077752
1.86328237816427
2.29454048002703
1.80675880693823
2.21115351787392
2.29509985626349
1.18008464236189
2.35075795767945
1.72448241106473
2.12935118347277
1.77684960211017
2.10686770399562
1.95731852588455
1.99531239618567
2.37552990148594
1.8781676036559
2.33725148083107
2.35466572022037
2.42275198111288
1.85545845978684
1.9530887241881
2.37460028223899
1.47322606771912
2.22382539814562
2.40477018859636
1.36523549142658
2.10658969028115
2.10281216924334
2.28961895865692
2.32570510727925
1.7468783899419
2.34073908903293
2.42294648934869
2.16776753879599
1.32467823504746
2.33440166322136
2.49454726551275
1.73614425780846
2.33526938015454
2.23331711795899
1.76991279159804
1.11357530080867
2.4422976436576
1.89159037372025
2.45998787665373
2.22590744321039
2.33830561379675
2.48097414503735
1.44921601584015
2.13037414647699
1.54693705568469
1.56249791924015
2.27305304070277
1.9292701525521
2.07757737497748
2.05325773445382
1.83029374503662
2.3280885836788
2.49965980164297
2.24586093010151
2.3703526886544
2.0211848138603
2.32059556111559
2.30640106290585
1.12202609434474
1.19212176899517
1.77155806640289
2.44060876091197
2.46113399562478
2.25539798331206
2.02142202531359
2.07589451834346
2.19440092236698
2.14045591241189
1.96934072076336
2.23538305758927
2.23211315393802
2.27352488263067
1.96444789902998
2.43529332765588
2.03583867831336
