0.684768778854957
2.47517940896709
4.06473681524156
1.59049677684416
6.19728284660267
1.23930929455581
2.33203876618912
0.145947728060089
2.70516962747481
3.02790041345382
1.75271178219012
2.23173664872947
3.72863051489217
5.29105212499419
4.96514738774123
2.44997414998595
4.11292770027837
6.17014523485807
3.77068015611605
4.54436143470712
3.68689154465675
1.16690299878754
2.32690486710412
4.84990672693287
2.89695629342386
5.95519517638635
2.01310668443497
2.21387048240912
3.32086167777241
0.324496111923214
4.57050572160399
0.0419145915021234
0.15121263794232
5.05639549076423
4.26084709278298
0.00198421460166566
2.96875231250066
0.385571827878035
2.93103345989013
0.963799168978321
0.173131184919513
6.29036558227008
3.96069251505853
4.58936437505103
2.5540384400062
2.55666566900869
3.59615912149259
1.18012658768739
4.04537816575654
1.45875001767096
2.85168431349633
2.93958564553755
6.52250244824643
5.04087195731519
1.29829093346671
2.47707875137904
0.466018101707932
3.03267750575789
4.46373299243446
1.34265670364348
2.84489293104738
2.49587530198978
4.28246963687555
3.25989990932488
4.95038457979848
3.38128368750222
5.24638982300607
5.73595862057058
0.903003842619103
7.44922038112332
5.37229449786679
2.01020346663207
3.71387338974891
0.530228443357333
3.55058308652228
1.11746715628901
2.45858001412794
4.96429318960158
4.22468659032932
3.57735635257464
4.13697402352316
1.81475158177219
0.238870549346501
3.75636914480418
5.7468031589265
5.56287457130781
1.7032995627194
1.32667941767123
4.32143728726503
5.48113204039208
0.175871466839533
6.55822913034321
0.561508221892057
1.21604675342223
0.000288047437414192
3.91543058880469
1.2338322050656
2.36555000020759
1.51014786853101
0.450116002440725
