2.01818202330655
1.76858844150475
2.48942258891289
2.15814144519072
1.92649146481997
2.38794603149967
1.40260775713501
1.65549042561858
1.75034692978906
1.67995770599063
1.46646601724024
2.07939325319747
2.3416770849529
2.17977375372036
1.90313818667799
2.19023477690103
1.4363485512663
2.04613613673709
2.46911204296896
1.82718863099658
1.23944468262887
2.05118005403095
2.16973493482566
2.41696212042367
1.14268835503232
1.93520021228332
2.41330261853839
1.79772980897941
2.22166737135977
1.88780483923719
2.08381670182021
1.60204550746305
2.18192322665451
2.21505032690538
1.65038480699341
2.37584277889725
2.44762736518516
2.29845789894923
1.96970748792786
1.94272563988432
2.25959581499652
1.37858649154375
1.9357356459661
2.1113364586055
1.40286576098337
1.65383857727416
2.41841897434772
2.2361938246287
2.3969164378508
2.21702483163031
1.76766908138656
2.1012881849647
1.69279907195678
1.12650172803118
2.0204870667766
2.23315527388983
1.80440674696333
2.11871576746263
2.23605635790521
1.73668446144439
1.50317849991904
1.5706777057221
1.37085399931876
2.46472847924011
1.8240242482879
2.44273813573266
2.44013389588115
2.45550501036272
2.49173606460547
2.03736016618322
1.89583243682479
2.34741389493855
1.91840808782568
2.243093057393
2.42679193647006
2.04606564841675
2.24241075289421
1.11116429022801
2.0817912808112
1.81296679201069
1.72334078320373
1.80097412581386
2.32174378316498
1.52051169234854
1.5051374764497
2.24008867167146
1.55216623025597
2.07933618078186
1.72689174562781
1.93206628208228
2.37556062361793
1.7993248610376
2.16790538326082
2.34592729010599
2.31284136794206
2.24102257745492
2.27584609313856
1.68919597940341
2.42714338108174
2.35470291202084
