0.0384995380845082
0.341945909395532
0.433695381601002
0.297926884860497
0.347009694019276
0.0523404610309144
1.05853452988638
5.62533096292672
0.0742541351251968
0.0807815295652768
0.230804790838091
0.0494406392734924
1.2279821825292
0.287933690120621
2.15506011705657
1.72435362077738
2.59968674738224
0.00143316034762798
0.363306150716393
0.0380173463851294
1.50925441433549
0.256085398051197
0.380476085480832
0.955885566626739
0.163928890358374
0.122007938939826
0.057644759222975
0.201268709585748
0.0592886809848379
0.449200054296776
0.0287746656403578
0.10366288721716
0.770843653813483
1.07982526782664
0.101785733873676
0.214097056315457
0.0517031781130124
0.0273067582220394
2.41167340874871
0.0308323388610463
0.192916998067618
0.101533724222943
3.96405205437845
0.0132078211649523
1.86890059168882
0.698710718911833
0.00360280125124473
0.479657149565913
0.191206769451223
0.128788052599136
1.38827393843898
0.276432301614464
2.07838701886058
0.752634621202826
1.58635992471052
0.0389286576783554
5.04856144168568
1.47356515951875
0.127380555097248
2.88500316949349
0.317642583073182
1.24319110678742
0.00182762381912459
0.236073019541051
0.0369847955955735
0.0138248690271134
0.604519283393176
0.928009211223548
1.71558954227871
1.66687004280845
0.230884587726318
0.264755515698048
0.599601057560528
1.07502843672232
0.0599817677133951
1.60177800997983
0.577237497788917
1.85955962663883
4.68392698661871
0.286517190103703
0.203936475595659
0.0113851783074851
0.0687203610444996
0.0221074204967974
0.586523464347004
0.041664029202002
1.04813363960259
0.165559979572116
0.0248300603443709
1.06985657728826
0.858982960919785
0.805198247882981
1.82761861415928
0.0928208475235552
0.0407848812148206
0.00359731228687153
0.0103047480948233
0.0203293330250096
1.84129044297791
0.66521602663046
