3.56042474378202
0.0123426060794803
0.478180043854982
4.05170611632073
0.968275058021908
1.74025505196686
1.03440489109774
0.19789694374471
6.14932492186568
5.32508586998349
1.64209687731001
3.07538485738658
0.0340185590844291
0.0571317530966161
1.36206219577566
0.912700306278321
0.365851112383509
1.07342630437407
0.921040162805105
0.32022968539754
0.639447702280697
3.2532386016799
1.78435330050646
0.801893670160018
2.13559539492133
2.00007814889872
0.970192671618852
4.39830730738549
5.32495746527004
1.13665848022651
0.214625159500955
2.32773564790705
1.02214977099403
1.26046239787641
2.9543393727947
0.454881802544177
3.62492076870161
0.772779626167753
0.804726453604845
0.202693130962847
0.524035675634877
0.19856982642696
0.244195712169901
2.30665707403398
1.47152027116297
4.48932982037259
0.0282882270580649
1.551270634209
1.23471973612613
0.880142153039672
1.07395155288818
1.77866331866862
1.6107470744801
1.40972425350371
0.501400855097725
0.00802569966377272
0.0320636213344766
2.75067119509479
5.62701173132504
1.0248377629178
3.01496532019001
2.07061788934702
3.30795150940212
0.815356851937992
0.301645407998638
0.416989389331726
0.363640526251039
1.59377971110126
0.595266313603269
1.95000078546193
0.248429011819345
0.574077811327474
1.83130659506425
3.81455838306055
2.74312923391925
1.99315305596372
0.0817140941794846
0.838501284500873
1.25058392693246
4.3230682645072
0.102370175663742
3.46870866310764e-05
0.456460629054172
0.100020884665808
0.0645258883765185
0.210878874665642
1.49012322484135
4.82729919348535
0.00125966956123229
0.107530241312327
1.23828424123041
0.00126280911075311
3.6022524645785
2.53570188287415
0.0234228471740098
1.19163515604354
4.76697223827964
0.594852197541606
0.074174294409001
3.48811924299261
