0.890051727374788
4.04066867333653
5.36159326573015
3.12313869997845
4.32363990524304
1.62690685234285
4.06611686706438
4.78576625325454
4.24003025227335
4.31778847912365
3.47365466883835
0.604863626141671
4.15960672311119
0.430118974164654
4.96793685515333
1.29987161754911
0.929182017538442
1.47298482861315
2.32833877433471
6.2357739754533
4.71847021306841
0.76392227692848
5.8222852197659
4.19036189407755
5.76708192255678
3.72031918121193
2.19737191082354
3.18368792493042
3.65323249111652
4.80880662173822
5.57400211538214
1.06885052969865
1.32979892616383
1.03446079011944
0.47782497433014
5.66758412361311
3.05707417065841
3.15864117099327
1.22048731072621
2.24469503296784
0.45822640514029
4.51014301707967
0.538276219268436
2.82038999907116
2.09392226246936
1.14032803354638
4.88833558830095
1.11992035344475
3.44370923248736
2.03769874697182
2.54190175125211
1.8300393552127
2.96583266850571
4.33995021533195
1.96373390046732
4.35350542237343
1.44342679537169
5.4371538554728
1.9993128594556
3.69564606051887
4.88574389079138
2.40857831795445
6.45210001058911
2.81984048085687
3.97325947892581
2.55874738858194
0.689767694032825
2.85774817291204
3.02486344241922
0.254244424156674
2.65066161929959
2.70751719334942
2.38830851131236
5.19739662483338
3.91107951130186
3.14200806416886
3.15903852127221
4.35297877063089
5.02467020131711
5.68948685267951
3.57518290009607
4.6719159845903
2.18298323088048
5.56284763977601
3.92667896630789
3.9366758946273
1.03069332416792
1.29205668668657
5.1864078533915
2.09380599753088
4.77905976471803
6.06371188619228
2.75297209005385
0.152084657853923
5.43731717041258
4.16462229227427
1.81397642053942
4.61043078155046
2.23918001560232
2.5681785435839
