2.07454703920649
1.49415985969962
1.19984951638587
2.13118151994765
2.00729564930406
1.4393033805346
1.75183649890369
2.32584708542691
2.24380696365361
2.1071107333124
2.30938225381172
1.97046551962067
2.16535198997229
2.26156697550746
1.64465816252245
2.24832435049349
1.14027393214981
2.03586827709889
1.86218964922097
1.75994907045779
2.38167348209557
1.11118850228489
2.09090844202714
1.84412908171758
1.0230263459218
1.54403083746101
2.41072131723288
1.87472218271147
2.04491036588474
1.74015591973796
2.16623924972978
2.00884345153005
2.07103030213555
2.09840374837245
2.00730809868427
2.09004740717339
2.37636216697807
2.40858787708322
1.67608308241899
2.11637215589822
1.8736053118114
1.52315681670486
2.06267841976074
2.32398653126986
1.64785622486292
2.05620642892807
2.32075424385229
2.1844564124441
2.15955381746859
1.92852015714989
1.40742344834259
2.35740828975595
1.82840565486042
1.93185374665823
2.10563988593824
2.47548666686744
2.02792264179729
2.11953728314426
2.16754894669319
2.31336496556461
2.47704540434572
2.47507175043081
2.19903393870846
2.26332736992388
2.02986981020574
2.24570881532877
1.79170540880928
2.33818655140818
2.47462751671595
1.05282751511861
1.8168026472475
2.24121205709466
1.89968879351888
2.42476482150962
2.27328285940495
2.49210030899745
1.62413157550688
1.3194516913518
2.47615959894939
2.2111804031657
2.05798430788358
2.02376820632285
2.47695335776387
1.17288882124109
1.10357838201694
1.5515965341652
1.79306918201171
2.05061425331202
1.63080724637979
1.75121451065615
2.33967788395379
1.98643662406529
2.06753165065962
1.6856241378916
2.08087279793478
2.43009330994964
1.62813584319498
1.96095022477203
2.2330336132225
2.10197062366805
