0.0834336062024656
0.0386796869899691
2.33631215438057
1.0674201169042
1.55681616601449
0.139510775230599
3.16726259275391
0.00405263878109212
0.0149534179544188
0.0207606310247685
0.156705227843714
1.92622533980295
1.01572497508227
0.354272608422378
0.944965760731198
0.177742509380352
1.15119738537087
0.0950505385860303
0.15344894467595
0.0465522219153138
0.236709128079546
0.0893955557814012
0.0712459448124997
0.271952018699896
0.0404075401035922
0.804159111453511
0.764610222285593
0.181200183479055
0.163996004643254
0.205006521672097
0.016912238222039
0.257355746700488
0.0695581999328928
0.109665888600176
0.312945829654307
3.71459553317688
0.00210104661691469
1.21162318028556
0.224261558838488
0.00862003890074314
0.138726142091638
0.0296706823747057
5.42908525250123
0.257111533679136
0.139837157077589
1.98355508743627
0.00601202201240185
0.0174708216455372
0.0543085562200758
2.30134760421052
2.47571353132346
0.145666324234136
0.126622104171832
1.23944717939587
0.255603779340317
0.150108624584313
0.0173571993440385
0.252336292586648
0.263075096358324
3.87925263729358
0.43680828820349
3.13793824533192
0.005238335301826
0.235435497509983
1.05939884567615
0.147029356921845
0.168421213850226
0.162794617347662
0.392405808547522
0.233938030886082
1.33037597868909
0.494440711582763
0.0158225597048654
3.88368133335744
0.053387626773093
0.429927760366836
0.193794380019934
1.45322788862433
0.0011483821713643
0.0236730097529056
0.801552350694439
0.0408760977680057
0.0068689153776128
0.0352281315483467
0.0937135938502813
0.0599672459823346
0.170956270204182
1.12466431227506
0.927860596397446
3.937863464239
0.115896493133967
0.30911177399208
0.00685848384195783
0.149034783087891
0.0172225459526395
0.0541707764401134
0.134527159661298
0.0427362962773285
1.21315815167374
0.0915983451514513
