2.12538496222462
1.41144283236718
2.14594532195064
2.05922892162656
1.71492592077813
1.63896087501346
1.57859509310784
2.41706892323982
1.7682793129046
2.10461030721888
1.9789583869688
1.65425021946536
2.29509389235408
1.90836303496872
1.24284607968732
2.26823172705129
1.88607799749772
1.8760640177057
1.76973727786965
2.03205575665588
1.62904533174077
1.23282799204889
1.94085756755573
1.70479047834844
1.03999848751989
1.29555934808865
2.46525761167604
1.89353901596998
1.6047887218641
1.95895721510088
1.85888052244545
1.62855744775788
1.91640395313965
1.50231269511937
2.0568526935102
2.47258001040108
2.4771748841294
2.24440721383641
2.01900086495307
1.9867683425861
1.88939641665066
1.15886379575757
1.99719916570303
1.9143729485927
2.1327147013459
1.98068514984969
2.34317613886598
2.1529988524646
2.12679042809516
1.43886046297127
2.43786809738046
1.67497908198077
2.25658603443326
2.46393878330013
2.06182217069133
2.48890362710546
2.05262077935881
2.30798488456818
2.36708746745681
2.05424097305543
2.03404232636932
1.56683480062454
2.1003409239873
2.34991536558748
1.67961616433294
2.37583934267662
2.4370263156333
1.76335049944633
2.46394427000442
1.42926799707024
1.71906477259612
2.10353372702316
1.86308074487153
2.38940263047802
2.11412152896611
1.89430330418127
1.82270272653462
2.49155318854992
2.46014989287987
2.16590635013041
2.05978409473394
1.09595242769141
2.1371531012654
2.20532972037795
1.3242712137416
1.61558683840009
2.18479838674867
2.03779552156191
2.2434889535301
2.18744351641868
1.59936466278273
2.13117989509096
2.21032196573394
2.1904209633854
2.27694647872717
2.16913923768798
2.42612125657324
2.0206749045532
2.38497029256064
1.58282693318899
