1.29240777302653
3.07991385684531
2.77124166784118
3.03020298660282
0.0164747945310796
5.29152964503521
0.788249626267058
0.0232127309903103
1.09280700062815
0.870499306020987
0.761131752419764
4.42939767297439
0.00215398069489968
5.79832821018587
2.73948137932744
1.6459683733396
2.36069265961115
4.68744771540117
2.40271698334705
0.0292483405926354
1.66953292763227
5.30195979168483
0.00303767175938844
0.0509444493557451
0.464494587859624
5.92766634688889
3.88344618163852
5.54598138870043
0.394392560874593
6.050602799621
2.81875787903668
1.47460553602988
4.0292435665736
1.45149478776624
5.84732076246887
0.0401955561113073
0.176432517761558
3.02444365449588
3.4283970688141
3.40918300992317
2.92470712807854
0.0771911516810945
0.229373597996755
0.0345488585378091
4.64356664572079
1.80641985786063
2.97658881589059
0.657572165314749
3.92339630527666
4.05433794488387
0.180994699585436
3.79997651695202
0.333690747457636
1.60556725823225
2.13253349504139
0.0991141003417603
0.00192010527595536
0.742016426214462
0.122503310051868
0.570117850320529
0.39385320204846
1.8661501252617
3.9112302200251
0.312926967191987
1.12147931025668
2.21552470560168
2.36446868977154
0.716131942453065
1.21789540632597
0.140605872156538
1.31322901518964
4.05578353688454
0.461327036901088
0.0212218245056445
2.13500398042755
2.44434828978684
1.31241867940804
1.41174322795873
1.10297932974432
4.47754153243831
0.0302785442639048
0.0319838863908224
0.00512286215594677
0.0835315171664418
0.0148911594412515
0.122034412505069
3.30471134829095
2.66341849983531
0.280765204357539
2.13075782962978
1.67306855459841
1.66554518721896
0.208663777959059
0.40979553865524
0.164840227641106
4.9731697378076
5.06243627096593
1.06102520271165
1.03526208467167
4.54213111789042
