0.754300992246446
0.428212813227689
0.878196100992289
3.15774209095113
0.0117059998981908
3.64569630843385
0.644956150637267
0.258081923137077
0.245832080540205
0.069085540694928
0.598628255483199
5.98188149819431
2.12626164828259
3.25331634887053
0.480308221701133
0.776904044160779
3.66528258456805
0.658647612942957
5.71270506686445
0.246430962791319
3.04878217337764
0.643535348414716
1.97744579936409
5.28594752776028
0.78390562888354
1.87492352763009
1.53893903550029
0.782131719024326
2.10512940457868
4.02266305902188
2.94392654150809
5.60232355411441
4.89036240154941
3.25929729639967
2.80085829138107
1.11967741316109
0.423246378446806
1.9746955043127
2.49917987666283
5.28506757027926
2.17450950271043
0.0915331676416894
0.837200466028836
0.120283829546592
3.29674959823895
3.51597718896167
0.0818812274837105
1.25995133639852
2.10198683068809
0.73719656755866
0.0282195307826145
2.23832573773351
0.099170150621265
2.63933412300127
3.49718960926885
0.102161827136788
0.00193181274439181
5.58487366083372
2.41567000656428
2.95852151542684
1.74044964136602
0.0371593423323422
1.40148536423917
5.63824391281663
3.77994695023609
0.458181825362294
2.92302143680028
0.118252133333609
0.136559844962053
0.0949912042488805
2.36133649136941
2.27724061157988
0.202058229202752
4.54495420056105
1.57378310982065
2.52890674732085
3.30683877470066
2.74565087067007
3.5224550058036
1.06992728551427
0.17026234862819
0.00372803691095827
0.0837320089145427
0.724425050109085
0.0199177147398342
0.112687780933772
0.891072702087644
0.433957749691558
4.96078989705212
3.27425767577957
0.0931306330731725
3.75103341427805
0.303460601429937
5.69036763920808
4.80605434860913
5.74423272503298
4.34992546916739
0.603892240919053
1.37007469153559
3.93266514751485
