3.58353369310294
3.43150496457512
0.204023812606667
1.56951305186756
3.26224831628652
1.51303831112615
0.965103217069626
4.59410721661873
5.15470083651724
2.31401943737585
6.10726975215397
2.07163495648506
2.48561656825495
4.85359759555914
3.63838649696605
5.42875895647393
3.46660443007574
2.48358859883355
3.94529089375697
3.12348827626884
4.77587150385306
2.86470846445154
0.262346045550722
2.22502397407503
3.03698199991005
0.986738558556259
2.32700935223592
5.57330232078942
2.4513661323064
5.0265469009263
5.93448127960256
4.02113178893149
0.0481828511659343
4.80409553406028
0.0741865834900017
0.814762949759888
5.6622112341328
3.44768697162026
1.45524002608771
0.851911940307491
3.61658809172654
4.40601264422484
0.0921826587843203
4.76260739921464
4.27805280150551
1.78537561017826
4.09267080823507
0.247415156353066
3.73246498321143
3.6638126004914
1.26940615878299
1.34297650509852
4.34671976440597
1.02689568563087
3.3067677593637
5.10422862023366
0.105697903660877
2.5305285304975
4.24484441597568
0.65524774153363
5.05716748086404
1.57640033291356
5.35325669866392
1.57094051648782
4.21395407814577
4.09809171525534
0.495072603565258
4.89155508308712
4.51999581011361
2.15072468138953
3.76733007910768
3.24383159605041
3.17518516458396
0.812245022410643
1.65576736100117
2.62476292834874
0.90151933756149
3.05387109570006
6.57094551263902
1.4848066121634
4.9719869143217
6.34617261461153
0.0698028589720156
3.95826379070427
5.76860139881092
3.76345423634953
3.66111335440956
0.177170591472105
2.00688463775522
0.010318064900736
0.95614754029696
2.78378254737312
0.453502269239849
4.03088944326345
4.93293960521374
3.52035735452644
2.02128400220837
1.65572378328661
1.55456252357225
0.236465827044074
