0.15285699987616
0.729666721866509
0.460523291824077
0.236261144934777
0.246639245720648
0.137180745284461
1.56601223650535
1.81021885210022
0.0198275691920279
0.00696231304870824
0.00701776918895695
0.0306952309104327
0.309908543385487
0.649198261266634
0.0850074356007771
0.571647345056441
1.36903072431321
0.018054276764792
0.252947420091093
0.401263323294914
0.059208035681973
0.0263085427218849
1.14517423745707
0.045541466807895
0.142552254168068
0.0213389811016062
0.417689389361257
0.0303937020386071
0.365856485237066
2.16175176053806
0.264111319743626
0.197351017939771
0.110820281589748
0.270455328209645
0.3640659523031
0.045496131950326
0.0210251365380576
0.698020739331663
1.28141757726286
0.00310382759473739
0.033539596854502
0.114766827871941
3.30248087909324
0.168336503138934
0.404970135671263
1.26720690372402
0.000193936910470824
0.790226541743332
1.57913643418351
1.67048207691134
4.15771876127802
0.257435203684155
0.0701028230734243
0.313254737514638
0.380823450976164
0.6324744778763
4.75725583663226
0.47344043702151
1.93948497027451
1.44313673882756
0.0395001537288988
0.0472390614908609
1.41914430834712
0.0134804255993527
0.0548157710276451
0.983588804281167
0.428794239626191
0.223646343004577
1.33438901057683
0.0180298334221685
0.0815516108972689
0.158965475791379
5.59975991638455
0.439323442076074
0.0286361523574056
0.488062847443988
0.517937567756429
2.457217717624
0.0592697219237542
4.03817024876261
1.5673899219737
0.00795844401814467
0.022002224792344
0.0183350168724893
0.0525624133953798
0.00303511973170033
1.93872018307615
4.06025982757971
0.081552582993106
1.50938709920631
5.27603231383584
0.00400570075046779
0.00206816538189148
0.00271139750107552
7.14080263106398e-05
0.000174839122142648
0.0155734021574208
0.191783751448212
2.56416285557984
0.206642239731346
