0.145765312684434
0.0938786072154491
0.0328110695219318
0.0117354301149576
1.62768192868649
0.240628854539023
0.341724198091535
3.70146570298948
0.00909047963451848
0.000350053511462861
0.0288912361956685
0.546668249689531
4.19824429393657
0.0144421527278748
4.31301814941032
0.785490044271138
0.349067296136281
0.082406266791895
0.323575543931569
2.07582056038631
1.60241514534708
0.106025624113538
0.495740777674301
2.10169205668432
0.107590446674544
0.00980317459954865
0.464257810311394
0.013237003187833
0.0189503006869586
3.5222136074404
0.0195252370764674
0.110185169745573
0.0188874025934631
2.38501537532225
0.530166476562043
0.456216529415541
0.0303221966479063
0.0928289391736123
0.512179578256728
0.38304571244069
0.172563377427417
0.205069957459574
1.91835890524438
0.0265905547250057
0.943048395599348
0.439352776283285
0.000806908990166495
0.388136072711159
1.48543508726276
2.03229797645674
0.263554012038144
1.54403571109126
4.98902326849255
0.239947459301305
0.329007909230736
0.435744872617779
0.0146356725727104
0.784647310905302
0.192029822170783
3.1104162843794
0.155762595799124
0.199041459166818
0.0135107044808263
0.00741333883217405
0.100861990682922
2.15749058068145
0.239756338325175
0.726279517216357
0.0350724385440457
0.00166260026791107
1.01650198854013
1.48150194676654
0.0344735007408478
0.288975250585459
0.032566395296437
0.0522026314395408
0.135151093515654
0.0677591897246367
0.524419537541172
0.0185506296588897
1.95955490082198
0.0837304942468305
0.0707110207909128
0.0542687108665383
0.1193572426899
1.33697114322196
1.19676746044533
0.357805358863043
2.18179797421787e-05
3.21957917989473
0.319033963759053
0.0333576199646555
0.148075878653927
0.154924633322297
0.831106207619758
0.0145101849950541
0.447859302187371
0.209940436753862
0.00446337623433584
0.125432820232666
