1.92785589114525
1.67286778142721
2.1364716521152
1.64160545910804
1.97403354741929
1.21902433838947
1.89876237740588
2.25554970350785
2.04556092570732
1.8711525303608
1.8432293331785
2.39402622585931
1.99891807391668
1.79331476947276
1.63757914017699
2.11384100413114
1.43934339670175
2.03047081204335
2.47511867257967
2.22776050699883
1.25091374979344
1.634744814998
2.05824830604426
2.17460280312747
1.07573707348657
1.9989495461962
2.36576341190389
2.24348091871086
2.08022381633091
1.77005182079857
1.73092873483992
2.1711327957693
1.76107552698046
1.94205560949844
2.11885394473553
1.09030757751052
1.66755079943416
2.38007434843691
1.78753515310916
2.0503570451477
2.28766108842488
1.45041176610305
2.06362874407369
1.77642234849923
1.80866484956148
1.50060934747716
2.3200291078694
1.81652962538344
2.24244869194971
1.68292461446216
1.48274787360204
1.54206745136355
1.97440917367764
1.16657316081747
2.0521630892523
1.83348422720016
1.97645776906634
2.24368567102948
2.16166909305349
2.10055498982878
1.09231820957969
1.21976810426332
2.45740133998281
2.13819795981994
2.21127765387414
1.55815222741766
1.21974937288343
1.74988854008922
2.14487293162961
1.03403477682597
1.7868405717822
2.29961468559802
1.7355624841484
2.2902839995624
2.29976247695115
2.32136186489548
2.36333020758285
2.497354599705
2.44362134203084
2.11798263214539
2.18112787719732
1.01759169123821
1.04002349126699
1.24247051016367
1.23487059857651
2.04794729796785
1.57004862603237
2.33910544649387
2.32750074606889
1.99700301765263
2.44738801904802
1.92245364593291
2.2701102720046
1.58469786767125
2.1273078624099
2.18324422674852
2.23388163859666
2.04527932781866
2.35631921295065
1.97715942554908
