0.862500963154746
5.84640136563323
0.0643401385234558
0.536076121437188
0.0260231020034887
2.14812059925613
1.34320654849538
0.00362426415841554
0.0666893102347112
4.75514371501265
0.351970857542449
3.05823959823237
0.786678980609462
0.786765352315953
1.11622781450108
0.745155681422263
2.18212056117879
2.45380927531084
0.242977725774569
0.0112005883410889
1.16807272293767
0.757749943847597
0.0146510092457111
0.672956082156026
0.850756904467569
2.67943975025904
0.857307205547983
2.04386638828235
4.17344583999321
1.60262360761349
0.66923521679996
1.40563913256544
1.95313917778731
3.54098558589671
4.30581414479279
3.10479142946926
4.09384901019394
5.5192929638702
0.580135768872397
0.186007694020221
1.21673097593065
0.159758021026742
1.06254281142886
1.25105731116609
0.179100026260553
3.20114527819689
0.240122339888003
3.40017236867344
3.57395753238324
0.125721362494429
1.41349582786567
5.25615200622809
1.24780005982296
0.526614317635018
4.28534501783124
0.0186335659790926
0.290811073302145
0.657763176906093
0.0022254313753046
0.381638592523019
1.29008884140519
0.0107959180408618
0.14805305575892
0.56171511743349
0.730230327434403
0.323522244377062
0.0254886518367015
0.00427507928517171
0.0427839794297761
0.0201759707236863
1.55383320300931
2.26652524176975
2.48164197194482
0.209004799205669
2.50758179643876
0.300394143200793
6.9491287805482
0.173177517363483
5.8790421603198
0.00486524612550961
0.634547520715424
0.00807796822583551
5.05548577056806
0.856988299313644
0.0423210822966612
0.0882974282508724
0.936468214007213
0.778042158533632
0.600448228436148
0.194547849959505
2.72097763172517
0.107558685374454
2.37423441288461
0.00140811767288051
0.000105912941561945
0.00903706014332073
3.02981993301344
3.57709734502796
3.80449629843636
3.30584151631078
