5.78950921560783
6.65775313305513
6.42028114667193
4.87160863111444
3.67942330302434
1.81268947478069
3.1413011017736
0.330108230196108
4.76912307574126
4.45347662977513
4.06973782547827
4.51657191575593
1.66577813738346
5.98281469912463
0.0822843181991033
2.07349226503455
5.65619074770056
3.85312298003718
5.12750591868471
4.58391247996316
2.69397607153046
3.91245686235869
2.81941349116498
5.9595269904499
2.62910813829739
0.46356610844463
1.12640049520192
2.02999493550731
4.10829367156919
2.63143030414388
4.01388894183718
0.158508312218303
5.78159188421127
0.848759941290537
1.25584604149886
4.93546871221015
2.95709961401647
4.67129228555601
0.0506456577948534
3.78582395969523
1.50789771747035
1.91820817473117
0.632404521080407
3.49521545653757
0.825874529290127
2.90576101743172
3.75865545139345
5.53773978870007
6.2071842155119
0.424897434593987
1.02441253761885
1.27309535029311
4.09675495008974
6.01027470263021
5.60414330394735
5.35472520338686
2.90636240517698
3.4760702616705
3.20615961454887
2.49665007364328
2.81951453407715
4.99589266182636
3.38837858648192
5.22201922912419
3.88154692358338
5.21651602805742
4.83064620312117
4.85009654983352
2.20482752479655
2.83906476096063
1.78826914259555
0.764476502452121
3.50903857881453
5.83587143796822
3.16914480207144
0.712894503877172
1.93325172290602
3.16425979709259
4.81105647829733
6.29771469520024
4.91507931319368
5.51209316137046
6.17093359073263
2.07828944502578
5.41404921679156
3.4737926788839
2.91621320106859
2.86513469882175
6.41779839827478
3.95330804700041
3.14164042222785
0.951084714799213
4.63585580270566
4.40403637483289
0.559018958569737
3.19380712823775
0.187166968830049
4.31736336369274
1.89170079388378
0.673467680636833
