2.8008831135791
0.045105533897173
0.389322814505788
0.593317901448027
0.00548171269617861
1.73911960212075
2.0574735037884
0.486623327428581
0.755203960498976
0.212460846868551
3.25531691180328
5.48585758877733
0.00209646703221622
3.61582659786039
0.39869915303152
2.57074297493685
3.31506597346849
1.98430737564842
2.37627809904575
0.087475114727476
1.03449319887456
4.03826665881586
0.205310639955061
1.64428582537276
0.223012534301389
0.868037723097631
3.00520393216264
0.509666757442883
0.0435489402244548
0.523791381358994
0.109945834507182
5.90953013517166
4.67543558851738
1.46480622108537
4.41404148908463
0.111371654677568
0.688821028368169
2.80375705622617
1.03655812391902
1.46221406680693
3.54516782742322
0.655753903466123
1.20283284058715
3.11045842467199
1.994272646233
1.85029970540407
0.0299930431381938
1.70263747605277
0.0250194495323566
1.38832247545316
0.155766487090182
4.08785694356743
1.55277998981033
1.86598851881057
3.02477920205969
0.0119511855576269
0.217874537510534
0.706869512214792
2.58105223065956
0.898947865067916
0.178675687924448
1.59825374744225
0.59576022418763
1.4962065340752
0.0694602866883274
0.495350343699613
0.586919022133455
0.677958534185378
0.148160112960825
1.0596461758445
1.21453737830105
0.966018880849924
0.200014670605745
0.00826000095448053
1.28089250235666
2.68343879433299
1.11126789786718
1.54418700042509
0.772644697560146
0.0093621195307691
0.00844141571941129
0.633867553100074
1.81540651689417
0.710096110635966
0.0533919239431972
0.13303719913325
5.29707813938606
3.65586161545491
0.204454237014372
3.49396184807873
0.0163637047937765
0.0526270511291157
0.0821865914565112
3.56942334942471
0.150473560755472
0.000209752985449237
2.42360014841132
1.20896290699314
0.83681511320996
2.87014697609182
