4.23942244864335
0.510611828023231
6.30514272736185
2.75335473516235
4.90105453697301
1.33087810458502
3.72606630749931
0.0399528540877334
3.24870676460687
1.77301539687797
4.4039138371976
2.35955199061343
3.64160765143669
2.11279919505569
4.12660831903719
3.08811319856568
1.33534714688444
2.66992090980364
3.01004652945203
3.78186895583173
3.79765000512299
4.22127575368185
5.29219212666113
3.44914399893389
5.70796903447869
2.47458657962686
2.49711051618828
4.73350670889783
1.0774370779965
1.06239743838768
6.17337830674459
3.90273736267477
1.60094729134315
3.12185217286146
0.997565526572382
1.65561593479496
2.13649659964193
0.00126167313183307
2.9951799536492
3.83556344011202
2.83195229383696
5.98953194952362
2.95678742570283
1.99359822993756
3.3042263512198
2.73830269351439
5.4907006990902
0.00778874243514509
0.289053186424886
3.89733209564534
1.10846522642067
1.03922617520792
0.143662424360914
3.7288268575461
0.620395480055707
4.41270171447345
2.70663652509041
3.67631366568408
5.70777432848695
0.331649992482207
3.43492744374059
4.67803113885703
4.71004985619934
1.91432672735609
5.18859386770937
4.51577062313563
0.539323425424232
4.20743622626601
0.462943906379518
1.06871725073064
1.28638918305581
1.06233950162198
4.32129126323764
0.753648216088418
0.49778586341203
1.79453325807416
0.0233132559601466
5.24595515931053
0.0209765472083125
3.34534355366593
3.8441974395322
4.9953310371705
0.18987230132438
6.24152155612133
7.08456202495664
4.96983521137921
4.31450708946874
5.70717374883904
5.92139605219575
0.625196572251443
0.166985896976035
0.95595381679334
3.65499901341797
5.24411881529537
3.89134814073062
4.74835160787455
0.508481254486711
2.82215279634436
0.615436328132496
2.60805432318658
