0.109306068908032
0.140614427852162
2.93077116124205
0.1162938117843
0.506450439914443
0.0699967197464718
0.150304830763449
0.146280989242135
0.0486955042484235
0.00712065713312932
0.028610579762883
0.0205262031136527
0.31421623968071
1.20549416849413
0.0674066317238327
1.86110485176181
2.74935687266964
0.00304084497228213
0.32435701146108
1.17881716619136
0.00105341769794968
0.301729325691465
2.60175832312171
0.0210456772448439
0.0116459713264807
0.311432966803483
0.202128470270679
0.0767970938847805
0.298465112458307
0.0107574027124576
0.0520006151382647
0.170403071507631
0.0296467949758055
0.0748068885454798
0.00628738837065096
0.0542403251703566
0.17325885682603
0.0137170432622426
0.790094121405708
0.0532463641552732
0.55977845222438
0.72976264194256
3.8024785913329
0.0924066392361382
0.385609637643111
0.902511010391681
0.173589215664134
0.00234781097252565
1.32306390347359
0.519418399274284
0.0954714207448274
0.563550068127211
1.99208583916255
0.0513153752896468
2.3039404867682
0.0236989744899023
0.153865806851841
3.89122078552478
0.533380802933912
3.04224675913746
0.207818784438422
1.85430298449295
1.63301132612341
0.607595653968096
0.0165116870705084
1.87808368530672
1.6693729532646
3.1446926183623
1.12967567552413
3.82473512528027
0.939639046706512
0.282922238272341
4.52510116953379
0.419096890298308
0.0509914113204927
0.673461015345361
0.0405760885795984
0.0237913938531044
0.693440787094366
0.217735689207511
0.0233787676537219
0.000238543761473909
0.126049950900399
0.125510733391927
0.18075443369691
0.0393205771714973
0.527808770003694
0.00961259912412548
0.0240717649085763
0.269849845078883
2.79009476182045
0.320397221608224
0.002719421586504
0.00382790368488201
0.00141561164954748
0.162356092770763
0.222370437693026
0.149895944719909
0.25139511587734
0.0432939533389459
