2.23006949236208
0.734597481089918
0.558205220659874
0.193593348627475
0.213720397607842
2.56120254305143
0.600903131357311
1.57650445807612
0.698826331951493
2.20742422508967
1.79143905090819
0.810761336470327
3.20059782985989
0.148119177914886
0.0364140415140132
0.238496102931908
0.506069255010046
5.42306190274849
2.472327130693
0.176530395799876
3.86717280387636
1.19230515706847
3.90257949365647
3.66680057736168
1.51435886381284
1.57170022617337
3.68118701415224
0.148036468855609
2.70322441637005
1.57950659485566
0.690306280855998
4.42717945911989
0.0730025623856255
0.296579680135138
3.59894210048882
0.471776002278695
0.663320208942118
0.00952707559390946
4.36005667916651
0.704110261128008
1.65372716662669
0.49834478023852
0.529693847848611
1.13517599202965
2.6564893796064
2.12176647401096
0.0342445905821542
1.46448894719115
0.098905247993775
0.232955009081132
0.0214956855443066
0.652967910120022
0.357391351347383
5.08481188612243
1.06233402473236
0.337834577763545
5.49008776231267
0.251521924742721
0.028478769709504
3.48512641742606
0.524933091300387
1.36695846439836
1.73196725946106
0.325635202602297
0.0604783804681368
0.00116539531556171
0.0548889793355839
1.26401061000353
2.15894602208493
0.72970031204652
0.915746337431025
1.4760041308341
2.19405413709246
0.195223148226468
1.76316455319535
4.03101804882397
4.70079848421496
0.495725092632788
0.0269403774660183
0.954490504423029
0.213677591862981
2.52393376225582
0.622889576212252
0.106962266426192
0.135905439533363
0.294257195535015
0.558896304836652
3.05995398908453
0.7057150974848
0.0144489275357005
1.13024602396922
1.5973153250722
0.333485412273002
4.28387585422333
5.64578878146399
5.5683201872478
5.85698286100498
4.29720628042139
3.06446129577505
3.18842320212932
