0.690135028265133
5.37220237282505
3.7459591910301
4.48643195933958
4.46640699401861
0.81422206101718
4.49691094321493
3.06467266780976
3.42945943606325
4.3774754358993
3.49444369318479
1.41495688200879
0.740186621427556
4.63615462713897
4.42835196429641
2.36721693175015
1.40267546406824
5.57919260578262
2.84740078516901
3.61321438012227
2.91936412929486
3.53686122003453
4.63127526656785
6.68272199403541
0.406135329986131
0.841867448136223
3.69040170780646
0.909391789924793
3.0029492505027
3.84687231839954
1.22825956362718
0.11780495523055
2.63532596358492
1.04192882591705
2.13837404372257
2.39951317748508
5.54390212790042
4.09483540739886
4.42965487488571
4.64231097957576
0.0585617555736243
5.83589408355285
0.00518238966610617
0.917751288268532
1.65011498358775
3.15499402705239
4.85424816275827
0.880725183133285
0.0462230925870557
3.04650219312474
3.29120070502876
0.315564890045794
2.48794211965095
0.741091547211783
2.60316053209582
2.85037788372943
1.32123919969213
4.27813637520737
0.291754220085493
0.268478256839892
1.79672018472966
1.28091603348581
4.68616473756511
4.05655437096872
0.0034404994866119
6.12142256609593
2.54760836136894
4.17379926131124
1.93633355817401
1.70040112012216
1.07602642250875
4.51237927274829
1.14603721265496
1.28243114199561
3.25299394856229
1.05937298885698
2.53953710727606
2.46826902403536
4.32527727030358
0.243585826345817
4.20250370394204
4.58486125734432
2.30375822932717
2.98371293298955
6.35478275699473
4.91252819335821
2.74214447249527
0.450415289660005
3.06512666261115
0.0127630432336819
2.5534567850105
3.78435789933799
2.36815492647329
0.359779836702726
0.00423931387242421
4.21445966502059
0.222600667728611
3.27976622370317
2.32675055514648
1.8443090385046
