0.0364612786874555
0.0620532489613268
0.0317384620385792
0.0833817003307436
0.109063762932145
0.0759171409893826
1.56351721766025
2.96858980283393e-05
0.030129070233277
0.0439219634525236
0.0651629517179532
2.43757209763691
0.781618807637184
0.0423237302393977
0.219890794272735
1.01610099784898
0.982755232780849
0.0566056272862754
0.00730527513973919
1.01652173759677
0.00498550914086411
1.3955980100498
0.0169597331520253
0.00122398083840056
0.0533189978824294
0.136954393060029
0.0614051406211583
0.291307403777563
0.389757129117028
1.99761961464921
0.157548996587571
0.0035151104409602
2.42414790434018
0.156894418398816
0.0107214936427051
2.00178074615301
0.0201611992675306
0.0280239638762134
0.0246435884782105
0.010459045620378
0.0312571469056682
0.241331875718523
4.43757020558205
0.0996772531236804
0.193656345431181
0.961456839256806
0.011924019554113
0.215970090908334
0.0254882115353609
1.05535132385888
0.00248099021213947
1.31774761941802
0.0384575271590717
0.994993533986321
0.0235786758834974
0.962031857384737
0.114487972430201
0.100027432598066
1.98519373652215
4.4849517720927
0.160198395207946
1.76268812533963
0.132807496965859
0.245629356164401
0.0306176148575495
0.150699082126628
0.135736752275257
0.0186605226725605
3.53292369093636
0.929035416460577
4.2375945613578
0.216408876251921
5.34802504267191
0.00829150517924862
0.184444948741745
0.0787942525208922
1.34057269805968
0.135442698674104
0.0336872041522824
4.79970495417677
0.955592083660403
0.060222912057274
0.765223174780881
0.0912200387408172
0.915186686161945
0.0171180845992768
1.17818597483693
0.00735482927094545
0.191293873212967
0.0956469857466453
0.983289224695653
0.29580140634415
0.00485160946369164
0.0217821331697424
0.000567670218753806
0.0713925833279752
0.455046765409544
0.0102833496876686
0.0133445910512306
3.34305053362538
