0.66554821371633
-0.239615854314512
0.344607192079214
0.799171282093005
0.836314269035875
0.28095875399188
-0.124111289648413
1.62410088198761
0.511684251831185
0.253751338053528
0.518866303103591
0.830590938341108
1.40105931108549
0.92795524428087
-0.427872180869062
1.42176699453529
-0.489205054932164
0.665220544489807
1.27399266137295
0.700891378396138
1.18823129077263
-0.127072573787537
1.01576591279528
0.309784784126597
-0.617335508511935
-1.03477487718586
1.58586276613752
0.10680158342982
0.771331087964921
0.474484985790778
1.34352466746456
0.822316104147146
0.328432079610108
1.07875517374299
0.569199761260959
1.36374007269726
1.00803541988581
2.35174160585776
0.528916829585712
0.887570232095957
1.37028859377892
-0.692376104743429
0.897444174070575
1.37894851683553
0.234144645861659
0.459821471352858
1.63131148301193
0.994929426190014
1.08213692407439
0.352273061292242
1.03189611205279
0.0989065190335065
0.382860532902442
0.95840035855336
1.0620926902277
0.0399465113518014
0.711551554204479
1.33633485940016
1.84731902152258
1.12767961627127
0.519637189859589
0.494708803854916
0.0904265191420988
2.61155878738961
1.19198575238655
1.43013867987281
1.82418079001453
0.377045760855367
2.22181966314215
0.31682188177248
0.390159790012031
1.67693409040931
0.18878620754105
1.80773081514829
2.34830016388114
0.0564555352845462
0.904465608489873
-0.0600342898610188
-0.226449689469945
0.870721768705047
0.0220114061217054
-0.00977150096161466
1.16926414309241
0.222174705891571
-2.05831617985789
-0.626072886733772
0.397483412277799
1.68769935028913
0.815746899119455
0.325126035007417
1.43170391202887
0.434162873016149
1.16555964020385
-0.0598464253026888
1.24905767592062
1.6830719211034
1.15070292786692
0.432553956843984
2.03723013679006
0.015808674330359
