0.0369611082618135
0.146393753814376
0.253416803314082
0.0231984834036843
0.248271291909755
0.110391071296012
0.638855791936441
0.02099308292213
0.185584487865718
0.0843702376691313
0.245007040926089
0.0211370903883628
0.667595355336844
0.39145684448734
0.209799169566891
2.23000534060321
0.636606102635979
0.31772072598519
0.00143071429409074
0.296071354522587
1.02532354389655
1.01110816802261
0.0758846770869269
0.06141469337762
0.0769379440886626
0.0341351020075832
0.011313225545022
0.715982458135343
0.00125746597476438
0.120948548528173
0.0360989774615593
0.0197492655449062
0.139065592961626
2.03651894091655
0.0129256778177521
0.00246414072811318
0.0459868698670089
0.167964903705446
2.17491635169249
0.206762026419621
0.149815050686892
0.334400731950308
4.02970102818569
0.146721922563212
0.154327152162939
2.45688736321494
0.00253590835591926
1.00121946095304
0.0124026247414389
0.390436964879047
1.93353982023959
0.255952882889618
0.138527208552288
0.0943015055762832
0.34890445664791
0.150643870783171
4.81491933489317
0.095426101648432
0.311943751939572
2.26172009828254
0.310259441290499
0.106762409215616
0.0132187154874903
0.034449509546498
2.73812183362872
3.10229896956032
3.34973489264362
1.43227469709187
0.125622165972156
5.20148687168983
0.352534552763306
0.0263309600623819
2.44546599990764
0.0278481812199987
0.129399128381116
0.22662167015335
0.0173849889270478
0.343393322385149
0.0756155802230561
0.016145587456966
0.233326730248032
0.00734362502314912
0.430334817635637
0.238553123218041
0.24773728376133
0.00184921137467794
0.897656773022304
0.122459278396555
0.00686644790355417
0.215328835578869
0.184553764553434
0.128085158436295
2.5952709113212
0.00446228544760291
0.0949082585362241
0.138449995737026
0.00692955661777743
0.814343236860017
0.0658863163737089
0.0662256225758974
