0.148819526909635
0.0697422100639755
0.00766385631650001
0.211597031381556
0.163290832179909
3.30117511718318
1.55677921817474
0.268787192710513
0.120750372033157
2.19760664118
1.64489532032998
0.325028707469597
3.73061325716927
0.0564718095221289
0.0387084233956403
2.15754929963444
0.00978127051980766
0.615225276680525
0.162797557747538
0.0711189220271958
1.8075289082473
0.251138223297063
1.76617843696856
0.453771285330894
2.39426588600554
2.08016312093101
2.6634620022111
1.17803439088673
0.170192716241646
0.947132580737136
0.0195255073873918
6.02829372335691
0.198307725818492
4.23826859729787
3.65554469217778
0.104013505471872
1.25061395077589
0.0176309638998389
3.71816615554779
0.981729687526201
1.77631109148365
0.480758840098639
0.311545530648824
1.24810409178667
3.22545307873807
1.51776924041164
0.0282718763892229
0.169829565319746
0.126768274935747
4.67805983600445
0.0787377059586891
3.27440626488486
0.679011242987056
0.855119758665042
0.627455121397669
0.0156914060815236
1.17725810161414
0.275783479939095
0.109370781333015
0.387805895231379
2.39121944748216
0.505788983401631
0.016801894971052
0.614654006686819
0.0184415228779523
0.066012406716753
0.440372715671812
0.552362446563923
0.221497206165047
2.38470213183732
0.0302032553245811
2.07223027287421
0.444826585300332
0.278376129443053
0.232335331514904
3.24070829182064
0.819417042957426
0.808954547119575
0.255596245588031
0.089602877410227
0.324630430419204
0.536469107126816
0.00791021836277287
2.66903512135083
0.0726917528844434
0.132074315728849
2.36376336549729
1.08528192924245
0.0306611523997716
0.286093117917459
0.00416394704693621
4.84563632832073
1.74363121178725
0.00306612615315359
5.42403355226503
0.124298230303909
4.86785518037277
0.69740006242947
1.82784128763027
3.72623987739605
