2.00771187726284
1.83536879922177
2.46621135988062
2.15155268226373
2.08531763943274
2.18501564437863
1.92228970103328
2.43292398391412
1.6500649608791
2.0509172475438
1.84838229871312
1.76086053522444
1.77928791905191
1.92166613435685
1.41087362998874
1.98208774639123
2.27918743133618
1.92041869793784
2.20499078742862
2.02584966470311
1.13881891024617
1.65190289132747
2.33417322489132
1.87727519349902
2.45650591817198
2.00765724872508
2.37672952838507
1.75972676822943
2.11309686509296
1.65912226085866
2.44180913215196
2.28009255674666
1.92963914610147
1.92975029706418
1.57388650095882
1.89009164435771
2.34419896437259
2.42210880457276
1.79975506664123
2.12505551704002
1.78195431307018
1.31033903377698
1.9382816458382
2.35425463837792
1.73974298823981
1.52052992919609
2.24947369601672
2.14591559323109
1.97095289923394
1.54615739803973
1.36823966210154
2.43385910666917
1.35061942828336
1.16467456237639
2.374860073676
2.43457844591937
2.0882030431122
1.99249068599815
2.36004856660632
2.31803597754463
2.38675972839646
2.40858317408752
2.11220567918175
1.88138279978134
2.01526784894569
2.36566230684639
2.25239149567075
2.37089159330149
2.20082073396725
2.23695835345235
2.41289753032299
2.06934958175979
1.60766665685452
1.83089970060915
1.86235616065847
1.81926609863909
2.19898677903396
2.48836326810779
1.78290017451648
1.78263515376867
1.56246139017509
1.94567617054861
2.13272859521394
2.39250038799831
1.09690814926654
1.09446549360875
1.11491427621527
2.16410290658234
1.99851329184874
2.06395088004781
2.1866430728694
1.78131812651431
1.97856748997849
1.21660194118294
2.29338945144006
2.24791663952408
2.35496718980634
1.59157085646427
2.36139589124114
1.8656980288411
