2.19421970432007
1.78544944665049
2.34736630369908
2.25073343989601
1.90063438979984
2.31431763242377
1.58485175893535
2.49557457845649
1.79990337119598
1.92536317280261
2.2275576952237
2.05785949998568
2.26830334430315
1.71737189002155
1.89186699349334
2.27597059758818
2.05544510892125
2.12280921143585
2.49926608888555
1.78260243597015
2.4013267787323
2.18408565983843
1.94089727289724
2.12141879430593
1.62958802278515
1.08886501914925
2.21779495787874
2.09020192499504
2.04488242930789
2.03818362703767
2.36454594533315
1.90413762424477
1.77045540384249
1.44074134264592
2.31305055801938
2.3270295601217
2.37768557891888
2.21356078167147
2.17008770868763
2.06586571991911
2.09734129487571
1.59922559094412
2.0307246461366
1.54933586421569
1.27548819382863
1.99552141784879
2.36592903035386
2.22359558274208
2.19802442539498
1.96036262546904
2.06682965868121
1.98019156583041
2.05127310468097
1.86245237144918
1.87720794580498
2.49552044477229
1.84961478124831
2.25109060231273
1.68395705107527
2.3602933484885
2.29510037186424
1.73381143521353
2.12436045942293
2.34914194058346
1.89083246644157
2.42018263285715
2.01028438960857
2.2979626821508
2.48407303688865
2.44778556469539
2.25337401453671
2.11576298909665
1.54272532306494
2.35281953991616
2.39615398393412
2.08546999388579
1.93690055067744
1.02899547612571
2.13247272165149
1.61348303095939
1.85972280324891
2.1883566697375
1.6784167456848
1.72173825985952
1.09803384959872
1.15368360367186
1.79010907643172
2.22784380273128
2.32330782508071
1.76351734866003
2.33408168924251
1.83033335060569
2.18091242813434
2.06064174659519
1.79550579285506
1.92517512071685
1.51920205109802
2.15936298506292
2.48442003825964
1.75444715899036
