4.61332066402004
0.307179239920774
0.659983592386635
0.0296687383575258
0.825882084562225
5.53561945064787
0.833311548783314
0.0224530162415204
0.519173127698883
0.0246574355857573
2.24002000868811
0.612523734652338
1.83155200559086
0.0438651544433378
1.89865173107646
2.08900422899032
2.41004201538936
0.82002297342
2.08839349707666
0.335547107706597
1.95629710649894
0.427235509127246
1.19228735401739
0.017325226605656
4.23649308032147
4.51319227799276
0.966742475799309
4.56221185761979
0.735065590563067
0.716808249692077
3.22466815819652
6.86971642027812
0.132574309111591
3.60717612518062
4.07709322286874
0.0563911706194019
0.376636021076564
0.0141357835270561
0.134974296217825
0.268988945932683
4.62584550007099
0.337409534802793
0.853844805430164
3.46015403171201
4.64623886099232
0.263267551751753
0.203871899903414
5.24065446986768
3.82942671989172
1.10488066252348
0.273765460920567
4.31918408992003
2.2940660647531
4.53774747430146
1.78383105362317
0.0514170051987256
4.40028160887642
0.607573917008764
1.12254423209117
0.283696292443012
4.6366136115933
1.12628025797357
0.381800327614396
0.122893929893585
4.49343232751661
0.0994503982303056
0.645671995316637
0.0302380566891293
0.561212788712376
2.86281954010671
0.952947336920284
1.38393917282675
0.398979415593812
1.87369681739346
2.10481505131636
4.50281899605612
0.694279351183771
0.481811962878204
0.493565064733238
0.129880152380371
0.47273070237
2.37776834297415
0.38249272924174
0.728582225235858
0.150859084015513
1.16928001999775
1.80817758748556
3.44257902271656
1.07394700208942
6.10257977683027
1.83061388255874
0.00155886015391176
2.17436644536693
5.08057234607877
4.20877040620108
0.0142216637594493
3.92833460781996
2.2812217570914
0.818117476290977
1.6350640265774
