1.92320867399248
1.92314781262256
2.35708150644478
1.97661253138393
1.95894333547992
2.3526163937039
1.62377630896576
2.33307633710158
1.71282004613194
1.87391621858765
2.13861928963204
1.83692257183516
2.22627952309205
2.08199997896282
1.72704052881396
2.12576078527816
1.87809074742948
2.2152564316124
1.41168222772795
2.06005317043989
1.27997098311825
1.6389714038611
2.06194488068186
2.01776408306395
1.32785899259688
1.56363464178417
2.26637755771258
2.15215654900705
1.65444263636578
2.07514457793614
1.91006668412502
1.80828243973878
1.99046824987327
2.25387842648546
1.74817905622926
2.06622148736528
2.44816029963257
2.34641768767786
2.01731661459367
2.12078311812438
1.99219459512777
1.43450969106927
2.23974110513666
2.42902029289638
1.69542956112949
2.13440274898589
2.3542155938242
2.27158124194433
1.68889789852741
1.52710487953427
2.46494143533869
1.70083245682222
1.87963652890167
2.44899112015172
2.23561025120184
1.17193761226999
1.68291936819487
2.1910992382377
2.35934710904342
2.0483264908721
1.69492076742567
2.07856133308969
2.18106423371081
2.34656816490589
2.10168989104849
2.36837951048825
2.06060923722081
2.34934133253737
2.29142170471859
2.20535937659113
1.96916446748071
2.37698720467124
2.1569656627457
2.10955377307983
2.43292726320711
2.26955718739336
1.90998245454655
2.43938680422483
1.92686196038304
2.04452700796376
1.82260713498982
1.34132679459135
2.4313114532038
1.75088832618251
1.30867993559731
1.06454224030944
2.33267884912192
2.38003559193865
2.20711664665205
1.660932308093
2.44657787264145
1.76698865830224
2.24727907817787
1.67953565869402
1.92691412537703
2.35909681635361
1.94906758102094
2.27124985053401
2.07209073324206
1.98457032634171
