3.74062106852498
0.115412001055237
0.650155558042942
0.209524497682415
0.0337016934745406
4.59677147952893
1.17451621208812
0.758269413824692
0.0377200074408275
5.12389643005705
1.44430939172542
3.10748468571022
2.40396410438989
1.86576960639016
4.14302309556307
0.940801356093699
0.266733616176785
3.96684602308835
0.555687749954261
0.750430705906104
0.764191296648669
4.4158949923996
0.020576964831233
0.739870891330628
0.538710734184544
2.46222210285696
1.18960442543504
0.629000151067425
1.21168388472959
0.0712578744596154
0.102450010436518
2.98722846094756
4.3993048138544
2.01550044895994
5.26763631771742
0.104034229063935
4.04240869289328
1.18818052024015
2.69782427348633
0.25271904031692
1.78027080338241
0.480463630919533
0.257304607560765
3.83082717745335
0.339559070656507
4.01821625425985
1.05222758540804
3.89792018341082
3.5603146162521
0.170865201534836
0.736883392030968
1.77980926743924
0.308473448281921
1.19027223285302
1.22222979909789
0.0155513695359734
0.0243756658693188
0.408401648669401
0.940111282163803
0.546305641378324
0.538140589289861
0.625510589823772
0.0184483802608306
0.010628721089366
1.62012131026506
0.848121742055057
0.0506203981909773
0.55280789548901
0.353835242490981
0.400387074634577
0.215673071911578
0.234443353925331
0.0198670174986116
0.228624546199886
5.48211040632898
1.86607944409681
2.45813366312199
0.15283787137729
1.01573131929264
2.61714613373911
0.0917765290017607
5.3537639642604
0.0505189830885139
1.28915445158472
0.16496900697115
0.137987080025889
0.884094293527495
0.387692420602028
0.762479995451927
3.85916577951844
1.40288219932179
1.95188877867918
1.90217091886466
5.18925367911916
2.45145531072755
5.18213470434039
4.20622694468399
2.31750716305033
2.11377406808085
3.62918013749101
