0.201583310442495
0.365060000237444
0.233518176672845
0.023936892610332
0.086810175231395
0.307160327503843
0.74423943272219
6.02693316232585
0.00662986054903291
0.0059059445850263
0.0552901546843215
0.196744364489556
0.158796431299927
0.339013702462627
0.229536764442496
1.75415492395129
0.263089594665603
0.147515392350529
2.7206211602331
1.3897921137805
0.000144118939924123
2.72706591164978
1.89669183700733
0.0501213685210602
0.260620342119241
0.0255435680094978
0.0378232477480816
0.675312363978643
0.0160692835856001
1.89520120657098
0.00815916242733684
0.000408799003617749
1.48760820693958
0.0481471709381429
0.0187454697023686
4.68104101571859
0.185089620158065
0.0213374526165351
0.419174726764046
2.27409153848869
0.352778573913783
0.0232945178318301
0.985351922703371
0.0709100501470863
0.125596490913402
0.822810379369799
0.136067469072753
0.181528347273913
0.133970878714387
2.60887567122567
0.672758747107693
0.767281085849551
0.0471708667858619
0.180558014938918
1.1356592906619
0.844636711809055
0.00956853219986937
0.345716761954911
0.930182719964322
2.96378625580926
0.22871495802736
1.65811774040796
0.000365070924062737
0.114398450967609
0.139964881441192
1.55205508784106
0.224047910824227
0.0121217744878739
5.33812687371771
0.0595211439771114
0.0345974820406679
0.586692400695769
0.643136550946733
5.35410067833015
0.0599801721750261
0.762679303784948
2.78579302864222
0.133858541883153
0.00330434763949184
0.012269437102465
0.647510095137518
0.02542373127221
0.0160628162746722
0.046461787742893
0.0304435057477381
0.679902584396732
2.4312986116461
0.0248506519162113
0.000274221135253687
0.178349230977113
4.11835984881556
0.117072490090618
0.580123159403646
0.0637802866858545
6.3906966730747e-06
0.0147933024117296
0.273232685136449
2.02736212696209
0.355484797739367
0.0831825684005207
