2.15270741070817
1.82218716743107
1.30805538823417
2.2559250701417
1.76477384835089
2.13728564573543
1.48130200622123
2.31383821881674
2.16633871010614
2.22066983528451
1.48011816571687
2.26150807405967
1.70698273324482
1.94718557412929
1.56322391512787
2.04652705445563
1.56319098243147
1.94060792267859
2.36439104768054
2.03484955729625
1.88755630258268
1.83688910935743
2.09865819872535
1.71449751677045
1.05869133903708
1.3204896159057
2.44896292187451
2.02528359581929
1.81234688798121
1.99971289654267
2.43955714789691
2.07251152759517
2.13335396163941
1.77165328445546
1.5474289478078
2.30532988559232
2.14699116950971
2.45942823014647
2.14522934753845
2.05107396044195
2.32976416469936
1.48400814912225
2.12329059584056
1.72021999172389
1.652427352216
1.89909382219929
2.23842350507047
2.00319898465985
1.73319187034362
2.2621022795151
1.82376450866299
2.19479148143934
1.52691811340724
2.430258806243
2.03681341469121
2.16298479854577
2.07692053069017
2.27010017107029
1.98189248647241
2.18247893983532
1.05604247024759
2.0598938930597
1.68180385387635
2.4646346341604
1.92046026556139
1.29120188244545
2.33733923234621
2.12318546940614
2.32264085112475
2.44259628293196
2.06465483215679
2.3800620793428
1.82144849926561
2.06487954874116
2.39407927311348
1.34106068239345
1.97833375615036
2.25474423995454
1.14470366116581
2.39244421875544
1.57906209609987
1.15013956012821
2.48316786783352
2.41011166668361
1.08736221022121
1.12564033397895
2.28705332586235
1.91174658188731
1.92955348596163
1.78320830688976
2.33855324514866
2.13152789732424
2.17597428173004
2.36965481027323
1.94714138935962
2.316989261944
2.02600437887509
1.90354342372809
2.41012701039535
1.79418531466949
