3.48585666497415
1.32712058953747
3.08145638760069
0.162194337479458
4.95709054181794
0.174535148930606
4.16587718297457
0.0165651306391918
3.82252031666524
5.33012140024763
4.51551504269611
1.13747648411349
5.77800295604738
0.250960139459598
0.83802575197483
2.97277525716431
0.793064826891848
0.0282069226649909
3.26159948183427
5.37846858243376
3.58557849608262
0.236721078166345
3.80575741789591
3.26997268275051
5.01763227063585
0.411602512951923
1.42644259707329
0.86225739142813
2.97604741751768
0.130047612116493
1.58162523321039
3.68590167550208
0.920575832026444
3.54314921189236
0.0669230272583829
3.47205437990212
4.54997957426023
0.057260960725331
0.0775592282062651
2.11185292966642
2.9892242046909
7.2700283346081
0.475085479718056
3.66533278696915
0.372902643055376
2.0897823814116
0.538451594460963
3.48818355169909
0.517314488142778
0.819639130248363
3.23824812947442
0.183607033699794
4.59549432154727
3.52046221407739
1.11256073519562
4.28482014476344
0.651194453755347
4.12616025995711
4.97324789000316
0.671007862558574
3.24342418252935
1.87976372585489
1.20784081235616
5.51240268280335
3.6567643871435
2.72835176048168
0.827816753313956
3.90945734764444
0.895903412748077
2.63777789861882
4.33778719370143
0.528796040420231
2.96842841054973
5.09729919752773
1.94198585995437
2.49621770835708
2.73625032283084
2.02661740708046
0.551855062560007
0.10845754024498
5.65327024733958
5.85337709242213
5.40363103496686
3.18635356279786
7.07232198084804
4.29656768921474
3.00171920303132
0.711473979085874
4.99893988803601
1.04236303165502
2.34781831764041
1.76342054668627
1.6137213171463
5.29399101073161
4.03917445810219
0.211913098877876
1.08659126445564
3.15940643088983
0.791071095524162
0.124445432666895
