0.0161026013622382
0.152311519049297
0.00089858081455007
0.0744299375466156
0.128180543619491
0.830108405654554
1.15534676320864
4.33913485717968
0.235660603255392
0.014934415204027
0.759954404995205
0.0585539357169903
0.136250979827814
0.0153477287761514
3.76991186398517
1.80570205476708
0.0301972886411295
0.061893601951126
0.352670306155561
0.174302647020985
1.02882247450823
0.0255125029349303
0.469917477481551
0.167819305769041
0.123247359526973
3.32066858977678
0.103876058717418
0.0954871564812202
0.133308777580207
0.155560957133761
0.000669013742577813
0.00486740076135711
0.0239524581446544
0.279587806049469
0.0436025917774873
0.00373885299822508
0.102407387980571
1.34639014946692e-05
0.0653513537764097
0.27525630097929
1.1267659578065
3.17069502902267
3.41563141102335
0.131669496900071
1.12483431037567
1.4548779264358
0.510354591204555
0.647295414315145
0.0890400206178262
1.11520244141625
5.93515227402076
0.125361677123822
0.468102350221281
0.399190585397402
0.381763704000205
0.0399109565454148
0.677629179753653
0.148397087684035
1.45155971674168
2.21852514836505
2.46027582081914
0.120138250517781
9.94875058011479e-05
0.0366263297911482
1.5944702880468
0.0053379929059353
0.0407874947288125
0.240038995604849
3.35660895938767
1.20808331397808
2.14482476962709
3.31420534070757
2.48948028024745
0.0148027648274526
0.00848458667917916
0.694405250615914
1.2582547790004
1.49795083948839
0.0869735485624959
0.0541224859120808
0.11129677791596
0.0407360202966043
0.0596383364991063
0.0890124792869642
0.378071725458609
0.0895648333760638
1.76982249524028
1.27879672507721
0.00145395101385774
2.00950700099439
0.0600642404675191
0.151888939666699
4.85886002129643e-05
0.102232706084218
0.126596054060792
0.712483174151052
0.0118174189376212
0.00666732797272904
0.168098058962532
0.0222212078871123
