1.37945268558357
5.34203432152796
3.15288351162038
0.014814492828422
3.54573091782153
1.36593418736341
5.29951807315969
0.402004161567593
0.741721231229199
0.179528978357461
1.68334066904931
1.16730707145678
1.7096362774736
5.16258833994425
0.297064676125447
2.57591040246827
4.98894303463095
5.30044646776702
2.00856384917721
3.16749587082103
2.1347878343739
2.40271201109502
4.47308638268196
2.17002899955194
1.84970523730141
5.57182028597416
2.83259624200688
1.66975171777358
0.954446230268542
0.11089912367056
3.803232371506
4.22545608914161
2.85217816330694
1.48093644815544
2.33869596194716
3.28283287923823
1.70153470716526
4.33731220519842
3.5989594043386
2.99112174616364
3.41567538056765
4.5001508376561
4.4894090412971
3.88837561754471
2.20896853528877
1.70358937956762
3.86964758130861
1.83506913426345
3.18525199531449
2.87699701141871
3.99606600821865
0.619034413058173
0.0499623582863953
3.63206018050584
4.85070529002664
4.57276702258096
4.34065355388175
2.95551751210197
1.07194991569894
0.728319789960793
1.79224830806724
3.7990195988286
1.85594379959152
3.63443318940722
4.96964391210854
3.38576841720369
3.64370543048658
1.34673814521156
3.86669466308127
3.26053115179048
4.73600868211134
1.83151578582968
4.14121410042461
0.697646668440114
1.0250345462401
2.37931579704044
4.61952017959995
6.37038561456732
4.25882946815334
1.13706065072015
4.32078708400955
6.04764288730419
5.88786410591731
5.58090150170316
7.22053387231151
3.46412845766453
3.98190342921263
0.518875281220137
3.97807516864878
1.1532934376544
3.14655948908594
6.67343603848233
2.08803768241186
2.88618774945113
5.11677816827051
4.56261998203035
1.74187028163487
5.41437692204295
5.42423505693635
1.1732268256625
