0.0360002400797432
0.0409790891270678
0.0238717537913302
0.662689978641531
1.32107276793081
0.325004629399607
1.5051553230557
5.86650721346648
0.462789928817014
0.114566416664938
0.0422635374567696
1.37004502967344
0.165756530570639
1.98331032316638
0.788147223066438
0.604664842527624
3.94088287191262
0.219542842758373
3.5458832372207
0.0775127806137154
0.204297731775816
0.0422553480952524
0.122116091331853
0.987925271738772
0.128252665179615
0.165109259672032
0.00438581905151047
0.00773650972433516
0.0668607456993748
2.61398069502887
0.00480731184157497
0.104266054872989
0.0216636463440386
0.171719723891775
0.00690789922938642
0.675241438043997
0.0842994005547251
0.0105693909081855
0.434721955935751
0.00423119357554618
1.79913924325278
0.847512403809184
2.19933353266338
0.0137807211586023
0.241862616235244
0.474344879787372
0.0705876040055847
0.0387470083777368
1.51045266284525
0.155833419670492
1.34193749870964
0.116135822252181
4.10984843916077
0.0933318612602688
0.506329102735823
0.371056516236365
2.34323036447285
1.01692813413811
0.14394620227497
4.32609091428971
0.487937860383856
0.019607393522988
0.0237748772642807
0.89010310094909
0.0230042753203455
0.70912671532027
6.01043167738585
0.012624516790245
2.95441435416767
3.36837372325463
2.11552816481818
1.23048918991175
0.204847134632029
5.55727532234165
0.0357798746005326
1.38140466190029
0.0016566329298874
0.260549923221508
0.0125493300162983
0.0552253965988261
1.3503136664005
0.0340131215926757
0.00923425014111672
0.0167547469619075
0.0211214189860896
0.220868137753662
0.720742727643218
0.0207980635263168
0.0763199532207612
2.8993417090415
0.787926460539954
3.77000654619991
0.0360378893770725
0.0112898425979848
0.0100265601382902
0.594962489120064
0.000375185010358267
0.0628327214106273
0.277353677535924
0.61426581968689
