1.88814337352181
1.01819788000135
3.29974903233935
3.61560080504942
0.137399592442315
3.01921670208855
0.0931237186662312
1.05481175971891
1.1515970198847
0.758079830535728
0.600931825327539
0.942434202719638
1.13461843708621
1.02271968503042
0.213465416059528
0.0941348149110452
2.46025671893945
2.91123995717751
0.357285157723453
1.2015580580104
0.517022388677434
3.41982415363515
3.94164516616386
3.02358676300004
0.71972713124395
3.12878710910917
2.53701519218346
0.568570607850258
0.686084207631432
0.127975643568045
0.650961110950939
0.239966493128462
4.34032775182987
0.0868542588827928
5.4494127041945
0.0474867858469739
0.160423441402928
0.452454552313559
4.61313592870407
4.97199157207709
1.48771016636733
0.0503295290403565
0.809565104142993
0.204825154763275
0.330172431019265
0.459353401924703
0.0416873280292948
3.68359195490869
0.0287790780981835
0.349564424850727
0.247956965022266
4.57898085747142
0.0514709555433849
2.07986112036963
2.01204423779666
0.00406687951444485
3.74495300598861
0.538640056559245
0.0375771388098554
1.08015509329203
1.01814160779611
1.35783395259743
0.194807776188027
2.0408613326641
1.32477922706621
0.971480887522616
4.84420629639804
0.0119696871246333
1.68743252323628
1.93801068563976
0.115204316886908
1.43546459211101
2.71293030471952
0.885436705528861
1.69504461539132
1.31702574847772
3.78294134269723
0.98209634174124
0.00340878546636609
3.43335528903666
0.227967811884354
0.0182586149129494
6.31764946761828
1.07527255799401
0.44713717942648
2.20359943072786
1.45602370569542
4.04248970943124
0.953694732350881
0.170097261956088
4.65841490289997
0.675397175458699
3.10818247662014
0.0293664122942446
0.00268860449018657
0.597372988302238
1.86910061707427
1.79580867402421
1.46117617281927
6.1759357246393
