7.46530193319725
7.15287769407433
6.58362656740595
6.65871131965441
7.11627876229111
8.06471952766789
8.47233480276633
5.50422429318913
5.74704094690001
6.55066514215646
7.77858504055965
6.11930293376339
5.64845132700968
6.63070654679043
7.78974056933292
7.74055388564073
6.68155070973617
8.33188522419459
6.71283683525506
6.99733898208152
6.50969207667544
6.59252273126047
7.78137992129299
8.40606167982791
5.73594589570992
6.78757346727766
7.18380693590297
7.65645006729212
5.7325606920469
8.52025739784171
6.46935724085673
8.61959393370751
7.10845213017634
6.30831206461586
8.28304145374422
6.93026510465857
8.41787423237391
6.38140236863854
6.60827362453482
6.90852731371492
6.60506081920094
7.57349928983174
7.29379656638135
6.39195552169692
8.62272489135715
6.36040356791064
7.41322022108178
8.4903485963739
6.0279284521093
6.64559464247837
6.00531525354193
7.62747568136461
7.07705174599638
8.73777133879969
6.47239243229381
6.35273037341835
7.88862956035756
7.29372260938238
5.76657965615562
7.09136729443103
8.62757451790022
5.73671921742356
7.30111348613266
6.77499302261419
6.20710660619371
8.74741138912948
5.76604342459413
5.98604834011926
8.49441430782717
6.92152407375969
7.98563309338295
8.21626104885012
8.75612241579221
5.55382209504634
7.65637547758651
7.53528954161526
6.39709188305413
5.57707687413759
7.31267943206897
7.33907728303337
7.69061058470638
8.11880494006716
5.58862723461519
6.00884491734418
8.74509974091379
7.71451313635533
7.91330642156643
5.93814466320942
6.57385649144364
8.39843332222928
6.96672455504762
6.21289806092701
6.75769494703786
7.65255527933664
6.49052386901943
6.46921314979599
7.03210329753136
7.59194623503544
5.54318291504933
8.40525053189637
