5.74607797252225
6.00075640255283
8.49375547246291
5.89779653002088
6.50388437466894
5.86436355725928
8.16505391992422
6.94887308922383
6.9311656304271
6.29457726965196
8.44044463880796
8.19125155850483
7.17097563043315
6.61717617023274
7.47957336442973
8.2908547099902
6.31720264490921
5.82114906698385
7.17515963064351
8.44650907569994
8.01773163846839
7.8644771577979
8.27321547163355
8.3130245332516
7.20972075597915
6.55769221860046
7.62719168706959
6.20706694948806
5.91970626867551
7.34135139086258
7.80386362917109
8.60017543787827
8.32622333429735
6.75083627902674
6.55517694822593
8.15726269791604
6.23950943407875
8.42882102987411
6.40166927426558
5.85639676607871
6.41280509824692
6.87888414403985
7.70654573400737
8.18890680491186
5.64538782184867
7.10135367943955
7.33928351414278
6.05997111507926
5.87804774461196
6.03348301893434
6.39887713996844
8.27513736663444
6.3499389388251
7.42674196774998
7.35790462595152
6.74925575260406
8.28062741473873
8.35816523679865
7.12836519995994
8.59299848531372
6.87785751992537
5.68427218033441
8.43193294958299
6.81522500371868
8.60486584753076
8.59913483757453
7.06655550469105
7.423486414552
5.79038178595767
8.55273763787423
6.11356598718874
6.04728092920028
6.95219726965142
7.47659786440086
7.74816307850969
8.09813417707195
6.53010216096065
7.35172338366914
7.95472175991151
7.52796135167794
5.54029182926724
7.11410128852738
6.75046834857527
8.03200856597856
5.73294565046212
6.31165097680669
8.77759446683226
7.14971376131989
7.12462028393723
7.73516296327075
7.35553785768317
8.04374895679529
7.59833497609238
6.07189758283223
7.99554035764634
6.54430461845167
6.52035221870708
8.32293290480703
5.56902482626773
7.85925405427246
