5.85867365491269
7.46051879424903
8.70357898525743
8.52896492988188
6.74844597285409
5.60310731609904
5.81421655049179
6.52707256813144
8.29522699236562
5.61633628883495
7.32431120974078
7.62133361129673
5.68234538658294
6.08977441889337
5.90223602364293
8.28683491488836
7.67448863432411
7.66137474816365
7.02230086847294
6.07811154927185
6.81724410519031
7.59413741689765
6.11442893811593
6.11028540453717
5.85539177519793
7.67264128294136
8.57260338432938
7.0624095071018
8.75044609781911
8.62675729872593
7.52852087548445
6.5998803286124
6.43847429533234
7.10136928932978
5.85400715379776
7.18258989535977
7.53208071050744
7.56095773198579
6.93361754214718
6.20102517881834
6.71241584493001
7.75666027938506
5.50401072937152
7.71009556458817
6.04716515747426
6.64788000342731
5.90878964796454
5.99279982805448
7.0782428549915
8.17222357994449
8.53989688796415
6.56103774361953
8.42680543985312
8.62971418674007
6.79198229519354
5.6676998200698
8.40560077854666
6.23649131577121
5.80509172233329
8.64472214873752
8.46658906627157
8.17096349260492
8.16575206007016
6.2961557949265
7.87619952071459
6.32244587305273
7.47688005233296
5.70236856213763
6.76108036898688
7.90780608754014
7.41106217140785
7.3893001003751
6.35050339351915
7.28609484173737
8.15209460781027
7.39077229353128
8.37833800577946
5.95773248958078
6.97178867052813
7.4526386394622
7.13197013421666
6.47534495070839
5.66550377537535
8.61190361671402
6.38203497392754
5.68518158595582
6.34472027118383
7.57410664973451
6.28993024514807
8.50778440987171
8.5281787747537
6.24160052039659
5.95402999018692
6.76580448637827
8.56512087473833
8.08178324878813
8.07733719568451
8.46162278009847
7.24861254838501
8.52040161516973
