6.06064721554938
8.18664781088463
6.83591440823369
5.84441208724061
6.97310165101368
6.86481469193965
8.33681498847732
6.44605034246935
6.38710064595251
8.75162171004896
6.38103173833846
6.07672122804234
5.78199080530002
5.57450651302656
7.51544553897575
5.68098062409884
8.12527826703873
8.47843142226644
6.310165655748
6.40782344333728
5.89214112124368
7.37298617558136
7.41525286612109
5.94251473667223
6.17762931852854
6.99205736165922
8.04621400831496
6.6148697397487
8.08293157815765
6.43912307659315
5.55083333334211
5.8517619920987
6.86808257308878
6.34873170091515
7.3145649621731
7.63085693566701
8.08698274356875
6.99978102308586
5.81645595862118
8.35069609409446
5.93995841740043
8.58435260013693
6.30323121231338
7.37846588788235
5.54560269776466
8.14271654628866
5.9224291176705
6.19264297500593
7.26404967933054
6.29843041034762
5.60613156275825
5.55344760862171
7.1856907464036
8.4481148075371
6.64943498754537
6.98352671714464
6.09596348743007
7.52418648790082
8.72580948810544
6.45577059360887
5.68126637731482
6.32555734194601
8.1399679743378
7.25306946820226
7.30606168716742
6.94079471644247
6.30313337474809
7.52373636448375
6.41540676873811
7.24339845020463
5.50017140622465
8.71454926498264
6.69500088958033
5.80378727651029
8.68438685651378
6.57676257892991
5.61253186226895
6.01269420367913
8.54016017959881
5.61005789183745
6.45606465543867
8.30669663414274
5.54513878221045
8.73160353431412
7.06622703622405
8.48496785808816
8.44217228214302
5.52505203328423
7.54012947228633
8.69391526251946
6.26927574446684
6.35315683105428
6.88153017713539
7.40713392149947
6.01958277537606
8.37003718064989
7.90212370872353
5.80950409137589
7.24488178905988
5.7175948740454
