6.82447585334803
6.58434915500008
8.75260479692349
5.6418768912065
7.40589266980104
7.70342089937536
7.93495104016129
8.09803280847034
6.63964641329769
8.33231948337769
7.35583388466708
7.37717533158581
8.78742703832339
8.25888817412294
7.14344087834758
8.32518499767251
8.03263166522142
6.63750649635163
8.23261340332633
7.47158393411463
7.90318474829655
7.44666915922984
6.52344440002745
6.15407789223201
8.10256166702583
8.46893404750572
7.74426306631986
8.36923425794374
5.54282552447007
8.28897272689293
6.87096691003939
7.54426265549578
7.650302198515
8.00421956454942
7.58991602455975
5.61643863668659
7.12231423450739
5.53112017801601
7.7173847724103
7.67692379549065
7.88880264390724
8.75909224428912
6.60679277793146
6.06734410504983
8.6251128687048
6.11544288738015
5.76811690761952
6.77132845981084
6.6028704621046
6.5489225257711
6.17575642960038
6.69387495893545
8.35819151614884
7.04333865588886
7.20631422862354
6.85744134870293
7.78987904382918
8.33423253168848
7.5831803217586
6.44416485991722
6.34167969604745
7.39768813199154
7.23310433538213
7.94278546931773
6.83049634194144
7.32336364195686
6.04919622214942
7.92449009462254
6.03020909532
6.68221216703616
8.29479832694038
6.91868467476261
5.63702316186587
8.02444915936484
5.99932776875378
8.36161010676284
6.82489327906175
7.78628352978581
8.12166155343952
6.65515141655566
7.44994665737423
7.84242232766905
7.61020285338125
5.68449288845941
8.77064475390284
5.55473162453056
8.46947846714013
5.70455536507564
7.30304844458666
6.30692831862087
7.06651290602801
6.01548210830252
5.62857119924313
7.01320933809335
6.53818901839818
7.43659678849643
8.51429947332274
5.83233182309076
6.02901951441488
7.19749060602887
