7.08862278828062
8.14987746682164
7.9079733490326
5.9073896141852
8.03062385153806
6.22551106831101
8.36200330793775
8.38739986148062
5.80634365776199
8.73728975879623
6.80276989810639
8.47850863813329
6.81253119150318
7.02661307779594
7.63495548424413
6.58113685570053
8.7402125070688
7.31735030360576
7.82830307166179
6.01465508129394
6.74364157216414
6.69336024171598
7.66743145662808
6.99478153214451
7.73642080892563
7.07354818480908
5.63522288981488
8.73525577408722
7.0167956760183
7.42560537691348
8.44357667816279
7.67079368758577
5.5863950131663
8.76286012025576
6.99749450751269
7.52142273845039
7.54009102660582
7.97298506886714
5.77405879464775
5.66964963831531
7.66390306278017
8.49259439865465
8.23758941328162
5.70028448076999
5.73253674909505
8.35682871857215
8.06366819005983
5.63847568041269
7.74651954432652
6.19579599569982
5.61608723574687
7.93137699593134
7.56603916877721
6.80032375000728
7.66986100962773
6.62245878511472
7.16481066343993
7.54476403022508
7.51343695001477
7.08969475140847
7.04637017223048
7.18121772140889
6.38888779535101
5.70127745128071
8.32515325478276
7.91940169322047
8.45966357349469
6.28450336171733
5.95342537205512
5.66706640772833
7.10198600312284
6.90597624066292
8.54153519563736
8.36066283991622
5.52332862367119
5.67849316285641
8.58249108094789
8.17058653900822
7.99530668322848
5.6697298402435
7.3747058359823
6.3528189076757
7.5847255840135
8.13078685944502
8.22863645760446
6.60066674677984
8.34123989553729
8.55501331202965
8.73126760563143
5.66684948146633
5.79893687235954
6.69113712889157
8.10506069091291
7.56266753130374
6.15434232035675
7.70170809366949
5.59739489569732
8.30183013621077
7.05084224303103
8.08424712587376
