6.36416487719934
7.10094773622803
8.12575613536211
6.90568308564784
5.74100309910295
7.26337977771091
8.43712484429624
8.65478685634366
8.73718299397512
7.33481700606607
8.4168524035257
8.75154233937654
6.38244730867767
8.1091853079813
7.08551983439134
6.6388285219207
7.58826912586927
8.46060750387471
8.38364383114542
7.37977006749825
7.93545510595465
7.76319490678909
7.00901798878106
7.90916216878637
5.7745978761428
6.05918350281732
7.06685311633836
5.86999535406211
6.62784954985751
8.67738502362981
6.5874707266506
8.30855156643135
7.26281840271756
6.11522919248762
8.00919842157737
6.68075060775298
6.00423738095841
5.79668717141023
6.19810601890089
8.6287992395983
6.95771654708698
6.49338170606929
6.94863051862139
7.80421452177287
6.05583838510034
8.6007538193817
5.90742069646315
7.38772599594567
5.67246987243583
5.78580677814467
6.29846737947231
6.56982424435167
7.15491151806898
8.29149125087291
6.18635521668714
8.46385399108875
6.92067338176302
8.79579364897523
7.61020998449046
7.68807776307034
7.69678312417162
7.84880055683582
8.39512261552766
8.28977090535917
6.15429251423214
7.43693199007751
5.88886146939521
7.89151519411713
5.52861458202094
6.16903168514704
7.35639895562491
5.73159079173812
8.75172865877737
7.18992031226146
6.04272771434996
8.73746044204714
7.73003920517298
8.34809738534846
8.13359647437655
8.37764585537039
6.62741921223388
7.79821853387707
6.65515950445918
7.17613831320387
6.8355483229918
5.64921688867282
7.90027841248704
6.84708018200235
8.1509412687634
7.00582078796982
7.73903512987779
6.02370418668297
7.71248898740857
8.07503169817102
6.75390168600028
8.07593386566865
6.75665102200185
8.1952557588009
6.43252723404749
7.87130099672307
