7.88228723502495
8.55267464359561
8.56531523591818
6.79924105915065
5.94492822624303
7.1629973360079
7.75218946056286
7.19357998359415
7.17109497673713
8.53717021651996
8.31781688398196
7.29418078480183
7.53156044829722
7.84794900689567
5.5284837457569
8.15058462356721
7.13551270356325
6.56071267071218
8.11809245516748
7.05709455601017
6.78124120407943
5.82385240358868
7.11375771165935
8.7557203846773
6.22235845731647
7.86334736534862
6.25950196803432
5.54699740158612
6.49201898172195
5.50417566281335
5.76501219780707
8.36280223210587
7.76492759515488
7.30867195413632
7.07384727018966
6.13352864819077
5.97767175220709
7.06901106179425
5.62169832022821
7.09316699334842
6.69863585518538
7.02007380995553
6.42321020682627
6.65141139372354
6.98482676796535
7.37901753175632
6.61731102685663
8.1713943937184
8.66544120301518
7.90108432647685
8.52105039120034
6.21493074366534
7.21827771697572
8.43115820751012
8.66552521859752
7.24381179321396
6.73770745561111
6.14393650032311
6.92875920567705
7.20353610706849
8.76332801195815
6.84158800000909
5.86268130894158
8.0114975254221
7.70573638838228
6.84601865509777
6.53155578640522
7.39238653209151
7.92780662197888
7.465884983602
5.75013773932943
8.45052680163192
8.17890792851071
8.41933433180112
5.70972719721667
6.96936991120921
6.3742537524467
7.96851978340555
7.5972476144787
8.55942269066794
7.53213439872616
7.10688998003209
7.2785056368615
6.07880755582725
7.09968329371112
5.74337912595666
8.61984768783852
7.56831879963528
8.7774142477573
8.24591118356489
5.65325662879033
7.87106362871955
8.64964587509772
6.09403307474151
8.23695642730546
6.21383275944123
7.3007212067371
7.0667100819136
6.24395935342723
6.39908819146908
