7.2798624463701
7.23370498147338
6.01124092869637
6.32898947916012
8.04232229432977
5.66113572629307
8.26049892128431
6.79694138675827
8.70004000392538
7.43032807465502
5.58188647777869
6.84721967851857
8.21020247479775
6.95153413579029
7.86401201480477
6.55007135060591
7.75930655207199
8.57908825036884
5.75244564479943
7.34614855257502
6.77797746073398
7.94606189672689
8.69407773375996
7.19503352070221
5.72247910168244
8.67056662862168
6.48484168181587
8.17149795334194
8.34323642553343
6.80795483837514
6.40192871341657
8.567514531039
5.66367074073692
6.56715556400002
8.13625236932329
6.52096077131965
7.73446325143365
7.41648155221126
7.0859531448878
5.64272630948629
6.20961572850565
6.50301621248675
8.68268830484798
7.77095911051938
5.89902539587971
8.62779339407229
6.2646717477107
5.99807142392569
8.10343124409836
7.74979976638416
7.40040123182619
5.92192500864846
8.70100580594001
7.14418426476003
7.55832200016008
7.5120580396348
6.23696762903725
8.74192662041479
8.57494852027003
7.22386718574649
7.25807659592062
7.80249038255597
7.3017664728974
6.80634532076085
7.26298377723167
8.38043102007401
6.25738668467136
5.96476005567998
6.98110645211723
7.65998010221571
8.25431369700752
6.00285853302035
7.54971951929465
7.15399984200228
6.1968841593899
6.51014147832949
6.77328591797253
8.30564156491854
8.16630565427847
7.09216257584563
8.24243496374418
8.31976473837515
8.09345250144719
7.45692935709503
8.50245085297665
6.165662079224
8.45890319093103
7.93182363629981
6.30266448127046
6.24392020752149
7.03795938331791
8.53838981816343
8.01927845377862
7.63745601224277
7.76681301591934
7.6939404437858
8.4759038731999
8.37853254140134
7.98729276583933
6.54122604787814
