7.44164786571269
5.58020442464184
6.16198001797617
6.03573716637071
8.77460289600374
6.89645814082978
5.87812720983321
8.50125178157703
8.109442508615
7.51551989069129
5.54584727190499
7.96428845230256
6.09066159952222
8.62288160133616
7.13401834092833
7.75011130560489
6.41155529185716
8.52687334996472
8.76691705813061
7.75957866567988
6.7691743663882
6.46925963628886
7.40570315207412
6.925027924019
7.03788154982347
7.56425186227887
8.05637273089424
6.76227952777593
6.0193550877817
6.28408330894602
6.78742097321172
7.49784557938919
7.733594120719
7.47533681334964
8.3490934090284
6.77583252855768
8.74782385724715
8.432069908863
6.02809760883725
6.3084998830352
8.02792160515784
7.85085726671605
7.69255704412532
8.23629864503984
6.13594742019735
7.88437591913263
6.29927541703926
5.92909698873945
8.27035411154395
7.74605841697602
7.83986697776262
6.80779185962041
8.71662850351287
7.4957973003921
7.1408520178587
5.95994895622449
8.15777237430535
5.67233960583935
7.58049149807638
8.68625051153113
7.70163428629393
7.00279579981175
7.01355833372566
5.86661029926624
7.91823897622356
7.21514611036266
8.36856272867356
8.09512322081619
8.7243728048351
8.77005448082686
8.1338492410884
7.57991049488703
6.94812705916878
8.63256109729426
6.30348791781999
6.49055530946264
7.41224181757329
7.18525016075641
6.75341635036163
5.82293453272196
6.89580395589482
6.60601838857592
7.60918726448679
7.13589367420692
7.06561371946825
8.57079492216528
8.68351849232248
6.03288389230019
6.00319324976349
7.41297254355684
7.53691638483207
8.73954940203646
8.17721756643476
6.44361487693315
8.01143055453293
6.96924474345427
6.21437528945816
7.32782756290856
6.36902089984298
7.67222975407351
