7.30178518203696
5.94102869801175
8.2439282472571
7.8347539372932
7.15366619038701
5.89493471214843
5.75783031689061
7.24138233725503
8.20830360179184
5.50784246701386
8.74234145239674
7.21506099618149
6.70548633355309
8.30387492015753
6.4189149147261
8.0648964633048
8.27551925663579
7.55933273876902
6.94238511483845
6.40549907098364
7.85659239517292
8.13868983941468
6.22186842157279
7.52842519441048
6.18834025860833
6.63781254345095
7.57630197164925
7.68157435006302
5.58763104838718
7.06283290428339
8.52795179464362
6.7073508210559
6.3666684729539
6.69369581464987
7.75304716859355
6.98775082934578
7.8829157744691
7.38473317234867
8.18598520160898
7.72754733148453
6.97393686624416
6.33493102132048
8.34872085510228
7.34910984400791
6.60880732836307
6.27908025129581
6.37136028745647
5.78627580978563
6.08928462345086
8.5286579050631
5.98602451199515
8.20054316647144
6.71824833938025
6.81427719606554
7.94553364607817
7.73999851976095
6.03913283176941
5.56072990910122
6.73086466238255
7.50940063456348
8.34235368894746
8.40042370131552
7.8235160898135
6.18895582422421
8.75295729773112
7.61268746844602
7.11480151550087
7.52383082947711
8.04132450284172
6.77661756679273
7.23565251390789
7.50327000205048
7.93994407223259
7.804591378774
5.55123605953515
6.04933979219652
6.9589469253302
6.49263609024365
8.46022893895013
7.11260096587532
7.69692769829223
8.74095205864974
8.69776991819517
6.79554864040665
7.38076396175153
7.75262794888091
7.64216356729205
7.69829871270543
6.07705065077265
5.73911046723955
8.08052729509452
5.54610825411368
5.94253273443435
6.53870580691194
7.19512519495009
6.46301354259334
6.20958444519912
5.58734894118882
6.17407753441669
8.3809839659106
